0.801497
0.764044
0.794809
0.785052
0.746903
0.797648
0.762015
0.793971
0.791780
0.786862
0.773677
0.805848
0.778551
0.794231
0.789844
0.775769
0.771531
0.773401
0.794139
0.761997
0.764155
0.791129
0.794007
0.756027
0.773261
0.790528
0.792499
0.789513
0.752498
0.789096
0.804571
0.770050
0.821760
0.769426
0.773065
0.763220
0.782501
0.744012
0.759210
0.792759
0.763525
0.769811
0.770651
0.747477
0.795790
0.791659
0.801462
0.783819
0.775806
0.788130
0.817879
0.791651
0.759034
0.769216
0.787758
0.782561
0.783217
0.792546
0.776183
0.784122
0.800355
0.752626
0.799950
0.793440
0.799965
0.757805
0.778856
0.766994
0.793201
0.792004
0.776365
0.730220
0.785612
0.767495
0.807445
0.796462
0.787332
0.775671
0.752190
0.761478
0.768676
0.800801
0.777233
0.791474
0.770706
0.786548
0.783429
0.798256
0.776557
0.775389
0.800388
0.799585
0.775895
0.744236
0.795734
0.760883
0.780213
0.776593
0.771950
0.758918
0.775691
0.812741
0.792707
0.748211
0.767795
0.801108
0.795617
0.781427
0.802396
0.777529
0.789810
0.793676
0.792540
0.778121
0.786602
0.754722
0.758443
0.785252
0.784098
0.785808
0.778828
0.757229
0.799429
0.772723
0.782538
0.754479
0.793208
0.799502
0.776144
0.806482
0.774717
0.749533
0.801770
0.760484
0.801726
0.789314
0.803761
0.791633
0.795455
0.797023
0.788715
0.781613
0.792489
0.759553
0.792684
0.760572
0.775951
0.796741
0.793531
0.791298
