0.797923
0.767530
0.795313
0.773899
0.752249
0.781513
0.750753
0.799567
0.760073
0.779314
0.774921
0.767678
0.781748
0.789860
0.776764
0.792446
0.783919
0.789885
0.752657
0.801032
0.784402
0.761282
0.772079
0.777572
0.785926
0.764353
0.772290
0.750395
0.797957
0.777968
0.824651
0.774930
0.762639
0.796970
0.783442
0.805264
0.783044
0.752369
0.787709
0.790197
0.779683
0.755977
0.803322
0.775548
0.776453
0.796094
0.789838
0.789085
0.781519
0.801553
0.767164
0.765908
0.766486
0.795284
0.757385
0.780174
0.794773
0.770887
0.773538
0.772318
0.744707
0.780402
0.783000
0.742731
0.791157
0.803224
0.778566
0.757158
0.787981
0.763044
0.788941
0.789270
0.756247
0.766756
0.769840
0.774861
0.766326
0.796706
0.775672
0.801038
0.754584
0.753586
0.767750
0.805813
0.794943
0.766793
0.768204
0.781145
0.766934
0.809590
0.780480
0.786414
0.799504
0.782335
0.799119
0.756446
0.739462
0.769767
0.796988
0.762727
0.778605
0.765228
0.782458
0.762518
0.790975
0.783573
0.807185
0.795103
0.778919
0.801362
0.776877
0.775230
0.802783
0.782771
0.787464
0.792537
0.779790
0.756562
0.793411
0.779954
0.789623
0.801456
0.780105
0.776637
0.757883
0.804148
0.756639
0.786701
0.778570
0.806795
0.810936
0.775617
0.780555
0.784330
0.790764
0.778844
0.789421
0.777259
0.828068
0.764551
0.788744
0.757925
0.743189
0.826359
0.769586
0.809214
0.744241
0.776759
0.790805
0.776552
