0.747418
0.753338
0.749087
0.760711
0.785874
0.769717
0.739187
0.738107
0.747660
0.755045
0.771261
0.747477
0.738211
0.758824
0.721936
0.766037
0.701800
0.756614
0.729345
0.722734
0.772133
0.731115
0.772472
0.742226
0.758019
0.760051
0.780960
0.769614
0.742224
0.771355
0.774306
0.743421
0.769456
0.772838
0.762549
0.782152
0.769779
0.744573
0.757519
0.742269
0.730351
0.773378
0.730643
0.736511
0.756504
0.751293
0.756702
0.775142
0.753428
0.763925
0.748556
0.769086
0.777928
0.770634
0.782545
0.746274
0.765093
0.749039
0.777018
0.719400
0.774865
0.757859
0.753765
0.749344
0.746652
0.756051
0.753143
0.746147
0.784235
0.755248
0.757003
0.772986
0.746520
0.746317
0.755469
0.755152
0.768874
0.758922
0.755132
0.746963
0.776455
0.722779
0.734678
0.740224
0.764418
0.722229
0.767446
0.744294
0.779759
0.744469
0.751158
0.770943
0.766954
0.761767
0.750923
0.748702
0.741413
0.743205
0.748206
0.759853
0.766198
0.740417
0.756337
0.743287
0.752899
0.735257
0.764968
0.744661
0.736579
0.768091
0.761626
0.757527
0.722038
0.741988
0.760946
0.724516
0.749052
0.752610
0.742249
0.761319
0.741416
0.763769
0.748663
0.734538
0.728777
0.751257
0.736765
0.740036
0.766739
0.728802
0.777136
0.784437
0.744873
0.723832
0.753831
0.771471
0.756864
0.773077
0.735918
0.786049
0.752931
0.776688
0.753571
0.756984
0.742823
0.738878
0.777048
0.714038
0.743120
0.764474
