0.768618
0.724451
0.765406
0.788365
0.779148
0.766102
0.749642
0.767737
0.758931
0.759756
0.781862
0.761213
0.754763
0.759652
0.732322
0.744335
0.768256
0.750018
0.771592
0.773817
0.754763
0.776411
0.759358
0.755349
0.752892
0.785663
0.746106
0.771176
0.766973
0.762156
0.743967
0.747772
0.762562
0.753639
0.757162
0.755191
0.748328
0.774866
0.739717
0.772485
0.774033
0.784152
0.772459
0.762410
0.760819
0.767806
0.764641
0.741627
0.755637
0.749408
0.761306
0.707091
0.759707
0.761961
0.792884
0.759694
0.780311
0.756879
0.751491
0.725866
0.776195
0.777699
0.771200
0.737621
0.754043
0.752059
0.758882
0.738232
0.758518
0.764939
0.759722
0.736382
0.768364
0.780073
0.792473
0.764667
0.786655
0.760999
0.756531
0.744762
0.750418
0.785794
0.788304
0.754007
0.759747
0.760314
0.773423
0.745306
0.775850
0.728502
0.759292
0.734850
0.742967
0.768452
0.746342
0.715617
0.726158
0.753858
0.753307
0.762104
0.728554
0.768057
0.740683
0.750907
0.766336
0.745618
0.758948
0.755776
0.783649
0.760049
0.764320
0.758173
0.748167
0.772838
0.782444
0.785670
0.744467
0.748650
0.777503
0.746801
0.740921
0.748343
0.752867
0.764506
0.740661
0.758719
0.735956
0.780236
0.752321
0.746838
0.740180
0.769495
0.751142
0.752677
0.770160
0.740109
0.766909
0.756788
0.739877
0.757768
0.751836
0.768575
0.749724
0.744509
0.768693
0.740413
0.744275
0.724809
0.742715
0.777559
