0.789501
0.797919
0.814033
0.778097
0.763380
0.767317
0.768223
0.802237
0.792131
0.792653
0.799736
0.769313
0.802660
0.789730
0.770513
0.802237
0.770053
0.790259
0.779446
0.811193
0.774921
0.771787
0.773758
0.787753
0.760861
0.806940
0.799044
0.780941
0.784057
0.780512
0.769669
0.769306
0.795667
0.781410
0.760193
0.809342
0.799997
0.790500
0.780436
0.768509
0.783868
0.762775
0.809687
0.784224
0.785265
0.788586
0.783489
0.812715
0.795998
0.784503
0.768275
0.783007
0.792534
0.801142
0.800595
0.804439
0.772811
0.795135
0.797292
0.762956
0.799190
0.776088
0.781105
0.786074
0.788797
0.786917
0.786049
0.790240
0.782078
0.778290
0.798948
0.799165
0.806396
0.792593
0.788128
0.789518
0.755588
0.787333
0.768623
0.786630
0.809377
0.792653
0.785110
0.794526
0.780527
0.800360
0.796819
0.765961
0.758303
0.797728
0.776418
0.779355
0.802360
0.769689
0.797920
0.791122
0.779849
0.785336
0.792139
0.778975
0.796352
0.811696
0.795445
0.776095
0.783564
0.821776
0.804752
0.818187
0.801315
0.778347
0.798996
0.790805
0.785820
0.786219
0.810274
0.763232
0.810041
0.803872
0.799507
0.793976
0.779084
0.796942
0.767164
0.789328
0.785899
0.798196
0.791313
0.780872
0.800568
0.777382
0.767023
0.802189
0.813299
0.791012
0.793626
0.783530
0.784569
0.791122
0.797347
0.799645
0.780682
0.771981
0.791191
0.795119
0.763969
0.786604
0.817368
0.809283
0.785231
0.783878
