0.800492
0.789949
0.806129
0.782850
0.797712
0.817544
0.783460
0.789854
0.802184
0.772788
0.794909
0.795526
0.805584
0.794073
0.803389
0.781011
0.812057
0.782596
0.788656
0.802327
0.799982
0.803818
0.783599
0.766486
0.778554
0.814708
0.810494
0.781400
0.774466
0.776290
0.794669
0.768364
0.798880
0.761475
0.777813
0.801141
0.789601
0.788398
0.812718
0.773224
0.796151
0.807963
0.785186
0.783401
0.800013
0.778339
0.797507
0.810407
0.820081
0.781504
0.774856
0.791458
0.760647
0.772074
0.815870
0.780676
0.778476
0.795790
0.798679
0.801099
0.790831
0.795549
0.775401
0.823534
0.788037
0.810043
0.789980
0.792249
0.793635
0.796225
0.789802
0.782028
0.787147
0.756648
0.778862
0.773636
0.765495
0.775580
0.801039
0.791485
0.791515
0.797463
0.769878
0.794874
0.781802
0.784792
0.780268
0.779134
0.760905
0.789590
0.779245
0.769419
0.811503
0.791985
0.787548
0.793974
0.785992
0.782974
0.800906
0.786983
0.794592
0.772609
0.781692
0.794980
0.796393
0.796765
0.792527
0.776723
0.789952
0.771917
0.786781
0.775150
0.784920
0.799897
0.768245
0.763704
0.780606
0.776230
0.802780
0.796032
0.783200
0.798970
0.807533
0.786883
0.799247
0.779038
0.782269
0.790862
0.806658
0.768110
0.790693
0.791285
0.802625
0.772433
0.804612
0.773407
0.786736
0.796524
0.791560
0.803247
0.798368
0.783752
0.800705
0.769761
0.768804
0.796116
0.814955
0.791422
0.801688
0.802388
