0.719547
0.754614
0.748810
0.726279
0.726624
0.723993
0.756176
0.738801
0.711030
0.730085
0.717047
0.735607
0.762551
0.734249
0.726224
0.717864
0.732652
0.742787
0.739860
0.747146
0.730710
0.732740
0.733537
0.709044
0.759321
0.756498
0.731105
0.728746
0.717511
0.727388
0.749463
0.725862
0.729752
0.747734
0.738101
0.734795
0.744846
0.756068
0.731374
0.737504
0.789193
0.726368
0.706380
0.721044
0.702390
0.715439
0.702983
0.721762
0.718121
0.726883
0.728174
0.734983
0.723594
0.719594
0.721245
0.728025
0.763930
0.743854
0.730641
0.716659
0.743289
0.727973
0.746345
0.754694
0.748360
0.743099
0.743245
0.732580
0.748429
0.733967
0.762719
0.749814
0.720916
0.715812
0.724777
0.726612
0.741511
0.743778
0.749956
0.711889
0.718364
0.721026
0.720646
0.728141
0.739890
0.721098
0.720768
0.731390
0.717691
0.715269
0.745993
0.718000
0.754483
0.736235
0.728755
0.745670
0.717175
0.718986
0.719745
0.725219
0.722748
0.756409
0.727262
0.753068
0.732975
0.738395
0.736112
0.711919
0.761604
0.702996
0.718249
0.748234
0.765053
0.727807
0.766593
0.718682
0.710400
0.737916
0.740203
0.717503
0.753745
0.710807
0.756350
0.733187
0.752272
0.740648
0.745292
0.729012
0.724576
0.738955
0.765112
0.729288
0.735336
0.741213
0.743904
0.768047
0.730342
0.709999
0.739823
0.743829
0.744390
0.725462
0.746448
0.756472
0.719795
0.729611
0.723484
0.742101
0.746465
0.729073
