0.723639
0.708511
0.740174
0.715811
0.729316
0.749428
0.726315
0.713448
0.722823
0.728017
0.717574
0.743052
0.722387
0.715940
0.720944
0.739002
0.746100
0.724884
0.715166
0.722207
0.705290
0.725721
0.745094
0.739140
0.743030
0.715215
0.740567
0.719708
0.719740
0.704063
0.741360
0.739270
0.766408
0.704584
0.728633
0.741012
0.745693
0.712962
0.717120
0.748520
0.740768
0.744754
0.749657
0.746254
0.757548
0.748500
0.715597
0.717700
0.747789
0.740613
0.743918
0.715667
0.724055
0.739666
0.735865
0.728909
0.733716
0.734483
0.721067
0.735011
0.720693
0.726999
0.730293
0.710698
0.723354
0.725774
0.738522
0.734649
0.724627
0.724918
0.732889
0.758856
0.706325
0.713635
0.723936
0.752476
0.730848
0.746973
0.748939
0.750922
0.703441
0.737587
0.737486
0.726810
0.737881
0.736105
0.770266
0.729101
0.739214
0.736254
0.743076
0.726299
0.749573
0.732799
0.746134
0.740867
0.748514
0.728000
0.730553
0.728536
0.762085
0.743427
0.710038
0.699752
0.717445
0.745041
0.746345
0.730117
0.716231
0.725402
0.716488
0.754442
0.733681
0.722132
0.749568
0.729382
0.723807
0.727993
0.716717
0.724841
0.739211
0.737160
0.738963
0.725925
0.741671
0.717393
0.770758
0.747287
0.715008
0.713354
0.727052
0.738649
0.722961
0.722416
0.755011
0.726472
0.727222
0.738086
0.731449
0.724561
0.717998
0.767131
0.732456
0.736442
0.729567
0.718384
0.730282
0.722372
0.743600
0.736014
