0.741000
0.756353
0.748920
0.779719
0.760174
0.758463
0.744572
0.744378
0.749430
0.751929
0.772392
0.756623
0.741916
0.770783
0.754354
0.774585
0.762162
0.711799
0.761801
0.750821
0.733893
0.747258
0.769516
0.766736
0.760474
0.745720
0.771772
0.752579
0.760626
0.758887
0.752880
0.718111
0.774802
0.768195
0.748444
0.765090
0.748674
0.766881
0.754473
0.736737
0.764471
0.752512
0.763179
0.773713
0.753279
0.772278
0.751735
0.743114
0.764619
0.764444
0.752843
0.756333
0.754731
0.777108
0.762367
0.755315
0.772797
0.738117
0.764760
0.778046
0.752170
0.733655
0.766549
0.745814
0.742220
0.765381
0.775803
0.742034
0.765466
0.752676
0.745282
0.726023
0.751408
0.752827
0.740561
0.769065
0.747951
0.765321
0.750097
0.754411
0.787527
0.731559
0.792486
0.759029
0.765553
0.757889
0.757980
0.712816
0.782162
0.749734
0.766071
0.764315
0.745659
0.742562
0.778086
0.760446
0.772362
0.774403
0.747550
0.716251
0.745209
0.785217
0.748529
0.756129
0.754548
0.765830
0.757586
0.744667
0.758555
0.780562
0.754471
0.771912
0.784929
0.747381
0.749552
0.717929
0.793425
0.746411
0.778169
0.775327
0.770571
0.744641
0.751327
0.707389
0.753357
0.757894
0.729782
0.765870
0.772939
0.749153
0.739361
0.751008
0.769412
0.756611
0.753254
0.777688
0.749855
0.763762
0.763019
0.759427
0.800722
0.773371
0.748434
0.760223
0.779828
0.733125
0.756614
0.715627
0.735610
0.757456
