0.782362
0.773352
0.743916
0.785080
0.791558
0.800521
0.743519
0.773438
0.779558
0.788624
0.787872
0.771655
0.810635
0.810623
0.783876
0.778244
0.790721
0.786604
0.777629
0.769312
0.796219
0.765077
0.802315
0.792395
0.773131
0.789129
0.775503
0.782937
0.766240
0.758448
0.790092
0.759932
0.763009
0.795323
0.779258
0.794373
0.780700
0.776004
0.801170
0.757847
0.776041
0.778328
0.790993
0.762358
0.757237
0.748230
0.784329
0.771738
0.807723
0.770262
0.769359
0.803182
0.800589
0.797393
0.786441
0.799388
0.771878
0.806305
0.793237
0.747051
0.775878
0.770598
0.775113
0.781770
0.802396
0.790285
0.798390
0.782731
0.755289
0.771147
0.798243
0.789961
0.765649
0.786878
0.782614
0.795201
0.783943
0.784417
0.795341
0.773801
0.792543
0.778708
0.763721
0.792269
0.782758
0.798150
0.770266
0.752551
0.776105
0.780271
0.780864
0.785008
0.750995
0.784644
0.806042
0.797443
0.795267
0.773940
0.770758
0.795902
0.775412
0.809317
0.758603
0.788728
0.753883
0.769307
0.770128
0.797254
0.773425
0.765768
0.771815
0.779907
0.792073
0.782403
0.801022
0.807541
0.758559
0.796725
0.796069
0.794340
0.744409
0.769889
0.795696
0.772104
0.782978
0.815466
0.772935
0.762283
0.802112
0.781799
0.792246
0.818052
0.794484
0.803690
0.767873
0.784701
0.772877
0.780534
0.770880
0.797215
0.783408
0.766285
0.770561
0.762997
0.771446
0.795314
0.777967
0.744299
0.761491
0.794197
