0.790981
0.784436
0.797116
0.777702
0.804711
0.786341
0.799383
0.810939
0.783838
0.776008
0.791677
0.788083
0.772761
0.773168
0.775436
0.799292
0.786237
0.785751
0.778281
0.771204
0.812542
0.782210
0.787448
0.786434
0.772648
0.804694
0.793108
0.791956
0.769773
0.799621
0.795778
0.793205
0.792092
0.776061
0.796662
0.787549
0.794997
0.780580
0.822899
0.788126
0.771700
0.806857
0.783057
0.761084
0.777673
0.766195
0.796424
0.769691
0.797252
0.784144
0.797800
0.758118
0.762231
0.769952
0.800879
0.789443
0.804920
0.773581
0.788125
0.789032
0.768603
0.764615
0.792926
0.772904
0.804219
0.814183
0.784152
0.791121
0.800967
0.791096
0.809688
0.780848
0.773912
0.767235
0.788613
0.803417
0.768007
0.817038
0.827796
0.770037
0.774520
0.792967
0.793824
0.788515
0.798391
0.801728
0.789755
0.808245
0.819359
0.807705
0.771876
0.789926
0.777855
0.792088
0.799397
0.781469
0.786431
0.792920
0.794275
0.763337
0.788180
0.776750
0.774535
0.801709
0.788409
0.809213
0.776731
0.806333
0.789697
0.766937
0.788913
0.758586
0.812348
0.790500
0.779643
0.792434
0.762637
0.789192
0.803037
0.778207
0.785595
0.781051
0.796641
0.771599
0.774633
0.776666
0.774740
0.779233
0.762197
0.756481
0.820609
0.799960
0.780389
0.804562
0.791721
0.755422
0.794014
0.802977
0.770558
0.818452
0.785114
0.809125
0.777657
0.781209
0.794134
0.805233
0.756418
0.803276
0.808702
0.806939
