0.744804
0.786081
0.740196
0.755816
0.733953
0.752629
0.755483
0.777506
0.745915
0.781990
0.758319
0.723804
0.742421
0.755547
0.759556
0.767641
0.737863
0.729242
0.761492
0.770513
0.740194
0.767025
0.747434
0.745074
0.766222
0.735231
0.752896
0.741584
0.730306
0.759204
0.741611
0.733841
0.734800
0.745535
0.752453
0.745062
0.766910
0.747801
0.741438
0.761934
0.792257
0.757978
0.749787
0.748416
0.745526
0.768654
0.754821
0.736313
0.774526
0.810499
0.769651
0.744541
0.731115
0.757685
0.740732
0.755894
0.745585
0.737951
0.776139
0.723856
0.758825
0.765911
0.768471
0.746705
0.739855
0.753930
0.800476
0.751006
0.745107
0.742892
0.757624
0.746468
0.753125
0.765968
0.740076
0.762110
0.749469
0.733016
0.726257
0.767606
0.752633
0.739936
0.777131
0.725288
0.765108
0.773895
0.753119
0.737470
0.721545
0.739206
0.739487
0.748375
0.750247
0.747345
0.765930
0.743929
0.762304
0.751833
0.787264
0.740831
0.727446
0.776324
0.727589
0.746066
0.750289
0.764126
0.752316
0.752933
0.741250
0.763860
0.726328
0.728980
0.760296
0.774811
0.714895
0.770812
0.712594
0.740083
0.768487
0.754034
0.752704
0.733640
0.741511
0.763307
0.750457
0.730722
0.736075
0.752677
0.749695
0.727909
0.753630
0.728091
0.709556
0.733846
0.781557
0.756670
0.752230
0.715321
0.749999
0.738643
0.726235
0.737043
0.752592
0.765369
0.741815
0.749605
0.714711
0.757221
0.753726
0.745419
