0.777767
0.798685
0.769818
0.788916
0.768998
0.777030
0.809759
0.790321
0.786737
0.800379
0.788427
0.771812
0.770112
0.810164
0.809081
0.800931
0.770068
0.787264
0.774520
0.782742
0.809569
0.781244
0.795508
0.799588
0.782972
0.765450
0.813641
0.773459
0.766720
0.784130
0.783075
0.803055
0.794467
0.766498
0.791338
0.766568
0.775712
0.780449
0.795753
0.792486
0.789572
0.768268
0.784361
0.785877
0.800282
0.793594
0.782778
0.795144
0.778417
0.786595
0.800142
0.804738
0.794023
0.796114
0.775572
0.798733
0.777865
0.788566
0.779235
0.783088
0.799648
0.785337
0.804898
0.795385
0.783244
0.782271
0.830693
0.782720
0.802572
0.779871
0.777058
0.768286
0.817069
0.766683
0.781404
0.800402
0.776254
0.781824
0.777061
0.794029
0.779226
0.782080
0.763497
0.804878
0.797858
0.776215
0.811274
0.796363
0.794343
0.794945
0.815448
0.769451
0.769228
0.767467
0.788848
0.773699
0.783438
0.794785
0.797469
0.810976
0.775910
0.801577
0.787534
0.808216
0.783922
0.757635
0.759044
0.796389
0.805954
0.791184
0.806908
0.809917
0.796003
0.782872
0.793331
0.798321
0.801817
0.796960
0.785073
0.782610
0.790529
0.775810
0.789472
0.805977
0.775671
0.806852
0.767282
0.781807
0.779813
0.797107
0.776924
0.760554
0.798927
0.822800
0.780952
0.786059
0.773111
0.775360
0.764033
0.792453
0.773654
0.766496
0.797330
0.811563
0.794575
0.784067
0.803881
0.787052
0.775427
0.797594
