0.731565
0.726694
0.746342
0.754391
0.739176
0.757665
0.726899
0.731764
0.714528
0.732931
0.752507
0.750201
0.753304
0.732877
0.729073
0.738456
0.728580
0.758957
0.741113
0.745768
0.740294
0.732792
0.737878
0.739377
0.717107
0.732983
0.750320
0.740698
0.718243
0.741561
0.722336
0.721085
0.725728
0.740642
0.744971
0.732448
0.712758
0.730942
0.723303
0.730444
0.761196
0.726894
0.747756
0.746647
0.741783
0.746318
0.732191
0.723535
0.741069
0.750211
0.730729
0.721291
0.742602
0.741446
0.726486
0.721385
0.739776
0.727564
0.748145
0.718783
0.715473
0.750203
0.710283
0.721969
0.734955
0.744058
0.738531
0.726970
0.747386
0.735388
0.717986
0.732422
0.739572
0.736021
0.742928
0.741044
0.723981
0.745125
0.765128
0.731051
0.730772
0.755889
0.734629
0.732627
0.725796
0.748535
0.763678
0.747766
0.724833
0.735791
0.748536
0.723445
0.758074
0.720392
0.732014
0.725266
0.737106
0.738950
0.752509
0.745275
0.730306
0.733857
0.737084
0.755346
0.737379
0.735521
0.737168
0.739334
0.745366
0.741904
0.745833
0.721316
0.740382
0.732583
0.723688
0.737970
0.759293
0.740507
0.743710
0.736900
0.723236
0.711682
0.709726
0.734349
0.754452
0.740990
0.737562
0.745448
0.719124
0.734864
0.748635
0.712714
0.735347
0.745993
0.741740
0.755544
0.746706
0.754893
0.731695
0.726643
0.744165
0.722217
0.717157
0.741690
0.738188
0.741210
0.738390
0.688152
0.732724
0.726004
