0.782632
0.804526
0.796411
0.821437
0.788091
0.782599
0.788781
0.799551
0.799149
0.788433
0.807131
0.792933
0.773426
0.779813
0.809659
0.784342
0.775112
0.785544
0.794950
0.812295
0.796427
0.788608
0.809986
0.791985
0.774290
0.793529
0.808791
0.799113
0.784174
0.800561
0.777611
0.818073
0.808209
0.805070
0.797502
0.814932
0.785981
0.817967
0.799811
0.797538
0.810612
0.808828
0.795002
0.826328
0.821050
0.818989
0.799074
0.800388
0.812709
0.804369
0.797977
0.803012
0.801042
0.817128
0.778837
0.806095
0.788241
0.788219
0.777466
0.791950
0.811997
0.787705
0.777742
0.803682
0.781181
0.787044
0.804926
0.795223
0.797273
0.794852
0.792343
0.800744
0.797745
0.803542
0.800383
0.802722
0.781983
0.814121
0.804374
0.803100
0.780999
0.823375
0.804000
0.794811
0.787769
0.798961
0.795084
0.776575
0.788075
0.810155
0.791138
0.803155
0.806666
0.778665
0.795678
0.813713
0.813522
0.817069
0.790626
0.812642
0.818531
0.804812
0.809983
0.825117
0.806438
0.792291
0.780124
0.819039
0.824555
0.802786
0.790294
0.789854
0.768412
0.803364
0.783138
0.832552
0.776590
0.792330
0.792210
0.804098
0.806851
0.798291
0.808009
0.806007
0.814697
0.803814
0.801905
0.786924
0.798456
0.809265
0.794934
0.806104
0.819218
0.777228
0.774640
0.787024
0.792232
0.791433
0.808250
0.787783
0.782084
0.778257
0.801462
0.790541
0.816311
0.785785
0.806799
0.793867
0.787765
0.798211
