0.727773
0.751232
0.758355
0.727402
0.727735
0.759989
0.763016
0.753218
0.761152
0.777121
0.722133
0.731243
0.766514
0.752425
0.755342
0.766081
0.748875
0.773827
0.757136
0.754671
0.737318
0.771094
0.736426
0.744165
0.762628
0.772397
0.775390
0.746622
0.720937
0.776537
0.741571
0.756145
0.737601
0.771572
0.766865
0.757078
0.763217
0.713007
0.750917
0.747427
0.759692
0.789496
0.726798
0.734733
0.716463
0.725813
0.740657
0.762693
0.758135
0.771208
0.714755
0.743239
0.744721
0.715187
0.742434
0.764427
0.763346
0.731286
0.757506
0.748199
0.793372
0.752482
0.707054
0.781484
0.757859
0.768268
0.767381
0.726879
0.722484
0.753562
0.717708
0.762291
0.712139
0.726855
0.736159
0.756663
0.747374
0.766179
0.732554
0.761911
0.768944
0.755840
0.761630
0.721753
0.750435
0.748875
0.755292
0.726235
0.737379
0.742340
0.753116
0.743535
0.765969
0.724724
0.726581
0.765852
0.757933
0.766532
0.742703
0.760981
0.771001
0.746891
0.722271
0.765243
0.770845
0.768682
0.754728
0.721809
0.761334
0.730967
0.742177
0.781381
0.737213
0.730012
0.744510
0.786902
0.793447
0.763277
0.718770
0.722835
0.746741
0.744133
0.733438
0.743289
0.770803
0.724778
0.745078
0.752529
0.778764
0.751756
0.725404
0.799190
0.739902
0.789237
0.756035
0.748932
0.743920
0.763119
0.751569
0.729401
0.752450
0.716598
0.715390
0.737101
0.752051
0.735789
0.732828
0.734520
0.752679
0.755100
