0.735448
0.770518
0.748121
0.750916
0.778752
0.766109
0.733743
0.774290
0.780897
0.765733
0.771594
0.740782
0.789924
0.770944
0.751421
0.788423
0.770567
0.778712
0.752985
0.774862
0.774527
0.768654
0.756537
0.756217
0.738412
0.747518
0.750462
0.750694
0.755264
0.746697
0.761692
0.752595
0.782319
0.753604
0.760802
0.744528
0.740504
0.763597
0.718092
0.721351
0.768557
0.760501
0.734972
0.785614
0.737670
0.736572
0.733973
0.727305
0.715592
0.724253
0.771829
0.749847
0.767248
0.761017
0.745357
0.755176
0.765906
0.769933
0.767571
0.770602
0.770648
0.717690
0.748051
0.747927
0.788057
0.761870
0.747996
0.756664
0.767680
0.752319
0.743870
0.755653
0.788128
0.751064
0.770294
0.748012
0.770527
0.779684
0.733598
0.723802
0.761416
0.749985
0.763914
0.753755
0.782461
0.747629
0.751039
0.754176
0.739491
0.763976
0.756861
0.755453
0.758926
0.765422
0.761238
0.738393
0.756763
0.757657
0.733209
0.760937
0.752139
0.779035
0.787640
0.740042
0.742148
0.768002
0.753216
0.763016
0.781940
0.759191
0.721997
0.763857
0.753485
0.769234
0.765413
0.802378
0.801885
0.781538
0.755578
0.739631
0.769899
0.743866
0.772240
0.748378
0.769225
0.754157
0.751857
0.772739
0.750884
0.767057
0.770922
0.771073
0.757325
0.772138
0.748987
0.756221
0.750201
0.764799
0.741477
0.761149
0.768237
0.757585
0.765351
0.767853
0.751409
0.773401
0.762025
0.766187
0.777707
0.777418
