0.739863
0.739576
0.740285
0.796829
0.714813
0.749896
0.722471
0.768409
0.758737
0.746490
0.748840
0.727333
0.717621
0.700164
0.766536
0.775233
0.768813
0.754468
0.746113
0.793026
0.736121
0.750549
0.745250
0.736767
0.755811
0.744067
0.783495
0.745350
0.730422
0.733920
0.770833
0.780719
0.761831
0.733623
0.760683
0.750449
0.744620
0.790434
0.753912
0.741473
0.738857
0.746094
0.747631
0.750001
0.757634
0.776678
0.740548
0.744310
0.768550
0.745291
0.774668
0.744892
0.749876
0.744271
0.782673
0.746862
0.751557
0.723488
0.735457
0.726141
0.775815
0.725558
0.757176
0.757246
0.744678
0.719485
0.741659
0.729506
0.777495
0.752214
0.754016
0.745894
0.717697
0.749774
0.738125
0.758686
0.740252
0.735094
0.731453
0.715459
0.728833
0.753938
0.759436
0.757005
0.751421
0.753588
0.730436
0.723431
0.752357
0.748015
0.722716
0.764059
0.746091
0.732447
0.725650
0.748236
0.740062
0.754727
0.724993
0.717972
0.768993
0.752983
0.761764
0.783781
0.768488
0.776061
0.740742
0.768280
0.722277
0.760058
0.748271
0.745568
0.757291
0.737328
0.759693
0.739860
0.707050
0.724019
0.770903
0.741849
0.730251
0.729231
0.718679
0.714416
0.743826
0.740577
0.762570
0.782389
0.743679
0.747016
0.739816
0.742217
0.731865
0.718487
0.743186
0.766557
0.735112
0.752668
0.721307
0.768328
0.777109
0.755329
0.739883
0.762119
0.773382
0.739193
0.774153
0.764612
0.734722
0.736356
