0.803172
0.806130
0.825277
0.794702
0.775330
0.779487
0.800945
0.799348
0.807028
0.779277
0.789284
0.767566
0.787753
0.817473
0.782254
0.774724
0.785600
0.776723
0.793226
0.804984
0.822079
0.801038
0.799637
0.789651
0.783499
0.812838
0.805803
0.800986
0.795941
0.771131
0.777682
0.794694
0.794780
0.800471
0.775222
0.789457
0.797171
0.790482
0.791821
0.796294
0.808107
0.809845
0.785761
0.823956
0.813034
0.780651
0.789512
0.791860
0.777130
0.771219
0.766275
0.786067
0.807617
0.796771
0.818020
0.796167
0.773650
0.794726
0.799533
0.777495
0.799407
0.782174
0.812877
0.780236
0.791969
0.779856
0.781741
0.800599
0.794785
0.773968
0.807293
0.798236
0.782400
0.827789
0.764899
0.781239
0.803853
0.771078
0.779476
0.789068
0.796599
0.784490
0.787705
0.813894
0.775147
0.815287
0.803017
0.809812
0.802889
0.804562
0.785468
0.749772
0.803778
0.784362
0.797478
0.772839
0.793854
0.784229
0.828174
0.808460
0.788841
0.784430
0.816582
0.813806
0.802807
0.806890
0.786161
0.779995
0.784453
0.783200
0.775900
0.786388
0.804508
0.786867
0.797083
0.823197
0.796691
0.780929
0.793396
0.776813
0.794575
0.802635
0.788781
0.789133
0.792185
0.815624
0.812559
0.790958
0.808810
0.801038
0.805242
0.821631
0.782086
0.771581
0.779777
0.833733
0.762485
0.799577
0.760007
0.794190
0.774141
0.771283
0.792797
0.801745
0.800310
0.795708
0.778971
0.784246
0.806429
0.805656
