0.826072
0.791903
0.813110
0.780729
0.777120
0.775937
0.786803
0.792559
0.791891
0.795461
0.796577
0.817467
0.776308
0.786102
0.783065
0.816135
0.790428
0.804322
0.763169
0.789625
0.789255
0.778375
0.773820
0.775090
0.803469
0.815114
0.771887
0.803649
0.790108
0.776193
0.771383
0.788368
0.786987
0.793161
0.802446
0.813687
0.788618
0.742885
0.780031
0.769039
0.830280
0.784963
0.762072
0.809386
0.779568
0.774673
0.800144
0.801173
0.757040
0.778273
0.772480
0.788999
0.787123
0.785060
0.791981
0.800617
0.795723
0.758611
0.783687
0.766190
0.823152
0.789339
0.809036
0.765561
0.782014
0.786099
0.785606
0.781810
0.786159
0.791686
0.774568
0.780196
0.797728
0.787382
0.801120
0.802237
0.791449
0.780343
0.818284
0.789302
0.788311
0.802879
0.815290
0.778445
0.801942
0.778865
0.777033
0.786249
0.791552
0.820997
0.795400
0.793416
0.828624
0.787602
0.783796
0.805672
0.810774
0.777444
0.796176
0.805232
0.795725
0.813421
0.792637
0.788794
0.785626
0.799348
0.788917
0.798651
0.793183
0.785774
0.795966
0.772823
0.798707
0.790554
0.812700
0.778668
0.783012
0.767622
0.769585
0.786548
0.792251
0.808125
0.792446
0.763312
0.792832
0.780066
0.769670
0.805478
0.783639
0.783467
0.766204
0.810247
0.808697
0.788274
0.780406
0.791360
0.810089
0.785873
0.787429
0.803963
0.784487
0.769588
0.795140
0.775302
0.787071
0.808646
0.774615
0.792155
0.814311
0.792909
