0.761990
0.749005
0.746252
0.762780
0.747697
0.790488
0.730836
0.714211
0.746158
0.736751
0.753977
0.742681
0.774990
0.764858
0.760437
0.724298
0.742522
0.759125
0.779780
0.751853
0.746373
0.763389
0.734324
0.717280
0.740990
0.720972
0.761597
0.785270
0.750035
0.775888
0.756443
0.733920
0.753115
0.769297
0.746076
0.784798
0.735531
0.756528
0.732574
0.734216
0.768209
0.733395
0.766712
0.758132
0.741184
0.726803
0.708209
0.754669
0.731239
0.752052
0.749488
0.750721
0.755963
0.747120
0.741885
0.766612
0.764717
0.751330
0.765306
0.739962
0.781980
0.746684
0.750142
0.727996
0.765692
0.754511
0.729123
0.754338
0.764299
0.762079
0.758834
0.765203
0.773018
0.781592
0.784356
0.755484
0.745034
0.766711
0.761510
0.751858
0.776336
0.740579
0.748701
0.759856
0.775696
0.767498
0.722946
0.739057
0.746961
0.775286
0.754559
0.727199
0.736513
0.764868
0.746142
0.737256
0.748525
0.777120
0.760956
0.695599
0.730527
0.763630
0.760543
0.774231
0.757099
0.746094
0.694638
0.735270
0.759538
0.736174
0.719858
0.751091
0.749511
0.759715
0.722488
0.743557
0.756953
0.757514
0.757821
0.739984
0.786454
0.747236
0.790344
0.740986
0.763506
0.735371
0.775866
0.757960
0.746793
0.747795
0.772684
0.765049
0.764672
0.735504
0.744064
0.760262
0.751299
0.750586
0.723793
0.742832
0.754847
0.792179
0.759236
0.745100
0.758313
0.760055
0.730290
0.748948
0.765093
0.701174
