0.862250
0.892830
0.863110
0.872670
0.848300
0.857360
0.886200
0.881780
0.870670
0.866540
0.910460
0.881860
0.851310
0.883900
0.890940
0.895160
0.868250
0.894980
0.894780
0.879400
0.872430
0.921080
0.843680
0.884420
0.895350
0.902660
0.862100
0.891220
0.868380
0.890460
0.862150
0.884430
0.907300
0.834170
0.891060
0.894260
0.904080
0.868260
0.894040
0.872920
0.884380
0.905920
0.898470
0.899370
0.862560
0.889670
0.866800
0.862020
0.897210
0.919000
0.894040
0.903870
0.882250
0.870640
0.893400
0.874390
0.849960
0.898140
0.880420
0.887230
0.881790
0.859200
0.880500
0.824510
0.852450
0.857350
0.903740
0.868380
0.951230
0.843290
0.910260
0.856490
0.870200
0.839900
0.843980
0.924090
0.877600
0.895120
0.871870
0.917030
0.896290
0.875180
0.883770
0.854130
0.899020
0.887920
0.900280
0.871280
0.880080
0.880670
0.888440
0.919380
0.901010
0.893020
0.876480
0.885060
0.890970
0.844950
0.891020
0.881520
0.879940
0.857590
0.860880
0.913630
0.870700
0.914100
0.906500
0.871310
0.880370
0.929460
0.892870
0.900260
0.912650
0.884010
0.835180
0.899030
0.776730
0.905250
0.879000
0.909010
0.871800
0.867530
0.815530
0.872530
0.870600
0.886580
0.908770
0.870210
0.859370
0.808950
0.863810
0.870520
0.911630
0.868350
0.882690
0.890960
0.929860
0.830720
0.882660
0.877570
0.846960
0.854800
0.871980
0.891460
0.886040
0.885930
0.889570
0.862530
0.852290
0.884650
