0.910460
0.896320
0.918970
0.901600
0.893590
0.914510
0.901250
0.892350
0.878320
0.908100
0.893410
0.872340
0.893900
0.916600
0.907200
0.884680
0.901280
0.876520
0.948690
0.917650
0.880480
0.950530
0.909590
0.909220
0.885490
0.902810
0.940470
0.886360
0.889700
0.898490
0.908390
0.859140
0.916500
0.906900
0.896530
0.927320
0.888340
0.916710
0.913830
0.924280
0.928240
0.899190
0.890320
0.894960
0.897080
0.937270
0.943890
0.958470
0.896480
0.900260
0.842150
0.892070
0.845790
0.891820
0.908680
0.879300
0.917010
0.905450
0.950440
0.928220
0.881600
0.902860
0.890460
0.925090
0.903460
0.904560
0.920130
0.885000
0.938530
0.938300
0.910690
0.919260
0.931480
0.910750
0.887430
0.892540
0.866450
0.921600
0.930980
0.934140
0.870460
0.900360
0.872090
0.892470
0.931940
0.901610
0.882140
0.913780
0.894570
0.909070
0.917440
0.897810
0.939190
0.910290
0.922490
0.911040
0.918340
0.914970
0.934910
0.892000
0.870490
0.907750
0.898140
0.931180
0.937010
0.927730
0.902520
0.922930
0.903340
0.855770
0.877870
0.934150
0.941860
0.923170
0.912280
0.900540
0.873500
0.860710
0.882480
0.900900
0.886250
0.907140
0.928290
0.894560
0.903780
0.857760
0.952860
0.951580
0.893490
0.902040
0.913960
0.903230
0.926060
0.914920
0.934140
0.952250
0.952030
0.941260
0.925290
0.943170
0.893130
0.905320
0.893060
0.910930
0.878660
0.916670
0.892930
0.944020
0.896590
0.901640
