0.912420
0.939970
0.869500
0.888640
0.907990
0.896270
0.888930
0.828730
0.877410
0.868040
0.842380
0.875750
0.861900
0.874340
0.886880
0.843720
0.829070
0.905070
0.874550
0.928620
0.865040
0.886930
0.913450
0.879770
0.877850
0.876620
0.912210
0.896960
0.896830
0.908990
0.929100
0.864220
0.881850
0.863330
0.848350
0.900170
0.887530
0.851430
0.880520
0.885570
0.862080
0.886790
0.870760
0.886230
0.863350
0.911670
0.901830
0.851370
0.854870
0.847790
0.920320
0.877650
0.916330
0.880830
0.927950
0.865900
0.883510
0.893830
0.896250
0.907530
0.874720
0.902320
0.884580
0.907100
0.862350
0.859650
0.883200
0.889390
0.920700
0.858190
0.859920
0.884820
0.855740
0.924290
0.912900
0.822380
0.866660
0.895300
0.883250
0.882940
0.876240
0.838230
0.929750
0.877860
0.865590
0.841620
0.888700
0.783800
0.915330
0.878610
0.893980
0.888880
0.905180
0.866200
0.895630
0.869110
0.896000
0.900680
0.858440
0.886080
0.922200
0.874340
0.899150
0.899680
0.900470
0.849650
0.919600
0.866860
0.852200
0.881170
0.909720
0.850160
0.843000
0.893850
0.912040
0.862140
0.865400
0.901120
0.898470
0.893420
0.863250
0.881480
0.879850
0.822820
0.840050
0.890740
0.829640
0.881050
0.877720
0.871240
0.898400
0.916090
0.876650
0.878420
0.851250
0.910480
0.877880
0.887900
0.874510
0.918170
0.877940
0.919370
0.871150
0.871500
0.915310
0.858230
0.913380
0.875610
0.877890
0.880730
