0.870140
0.885420
0.862140
0.898370
0.851980
0.810030
0.840080
0.874280
0.891600
0.889570
0.875920
0.863450
0.870070
0.854270
0.883780
0.915350
0.908070
0.866240
0.848000
0.876920
0.861910
0.863410
0.874600
0.844420
0.908370
0.873870
0.865690
0.840350
0.806470
0.909830
0.900180
0.917810
0.904210
0.900620
0.870330
0.870990
0.913610
0.914090
0.900600
0.852400
0.869030
0.859090
0.903350
0.889950
0.893460
0.881630
0.878750
0.878570
0.881830
0.906930
0.922540
0.890580
0.898370
0.891490
0.909520
0.887790
0.911790
0.847850
0.909710
0.845190
0.897780
0.894740
0.889680
0.849660
0.883700
0.904590
0.890130
0.860510
0.914260
0.850470
0.887500
0.884620
0.864210
0.881340
0.913910
0.910690
0.892640
0.939830
0.876910
0.885000
0.886560
0.855660
0.849400
0.884660
0.890490
0.889790
0.919660
0.891890
0.871600
0.857450
0.894700
0.876400
0.901290
0.878160
0.870970
0.890320
0.876570
0.868670
0.902760
0.876620
0.878680
0.883500
0.915970
0.880770
0.838050
0.862620
0.882000
0.877230
0.836810
0.902860
0.926760
0.883460
0.914390
0.884100
0.901640
0.893770
0.870730
0.907820
0.902000
0.899840
0.886050
0.902990
0.899920
0.906220
0.862600
0.883590
0.904980
0.917610
0.886690
0.872980
0.865750
0.866920
0.884710
0.896680
0.879520
0.929480
0.832690
0.867080
0.872580
0.864930
0.894140
0.854570
0.867130
0.928450
0.904490
0.881530
0.883430
0.835640
0.866790
0.862840
