0.923980
0.925030
0.873740
0.919800
0.906990
0.906070
0.899980
0.932200
0.928730
0.927300
0.891160
0.910300
0.935010
0.920540
0.927880
0.889790
0.914220
0.906110
0.940170
0.870350
0.906190
0.828700
0.940630
0.910380
0.876520
0.924240
0.938850
0.914020
0.888850
0.883530
0.920480
0.909420
0.907680
0.890630
0.924140
0.933020
0.885630
0.893510
0.891080
0.915070
0.928980
0.917890
0.913910
0.932330
0.912210
0.912620
0.922240
0.902390
0.915200
0.893140
0.918230
0.908300
0.925850
0.908360
0.921760
0.938740
0.868740
0.929430
0.918980
0.854630
0.906740
0.890620
0.869480
0.918190
0.908410
0.926560
0.917210
0.924590
0.853200
0.911910
0.911080
0.939610
0.861180
0.943180
0.946830
0.879320
0.927420
0.903810
0.881460
0.882000
0.869530
0.907010
0.910250
0.978410
0.900520
0.902850
0.900270
0.929800
0.874870
0.918100
0.927040
0.900110
0.899290
0.878770
0.918270
0.910770
0.933300
0.868780
0.852900
0.939650
0.906820
0.943550
0.895550
0.904700
0.872180
0.903000
0.893690
0.915590
0.895210
0.905270
0.924050
0.897180
0.885280
0.890750
0.920570
0.928400
0.929950
0.926730
0.939150
0.916580
0.917400
0.940440
0.937600
0.892990
0.923800
0.933720
0.948490
0.895290
0.936420
0.926350
0.868540
0.911650
0.911490
0.897150
0.872100
0.890990
0.900450
0.894910
0.910260
0.940090
0.897720
0.925920
0.887880
0.873530
0.929180
0.931830
0.902360
0.863660
0.872220
0.920270
