0.810460
0.850410
0.913590
0.884260
0.842180
0.836550
0.869640
0.896730
0.863940
0.873330
0.842960
0.898260
0.858030
0.842760
0.825280
0.846960
0.831480
0.875100
0.867550
0.851200
0.864380
0.901990
0.873840
0.879430
0.878830
0.838880
0.897180
0.864260
0.875010
0.896890
0.857760
0.853910
0.858200
0.850850
0.824790
0.879570
0.875450
0.859840
0.909950
0.851470
0.878180
0.861060
0.827210
0.854570
0.832630
0.851660
0.841470
0.843270
0.897800
0.830340
0.832820
0.872350
0.912200
0.807400
0.881890
0.899770
0.907370
0.852570
0.850940
0.859900
0.902910
0.828860
0.873210
0.880000
0.894460
0.872720
0.831660
0.874280
0.883440
0.860920
0.836190
0.839140
0.854990
0.843350
0.904890
0.866750
0.826600
0.873210
0.847890
0.861570
0.885280
0.840970
0.829370
0.918170
0.908850
0.886650
0.899420
0.831420
0.827360
0.847390
0.835040
0.911450
0.878900
0.857230
0.876940
0.885940
0.878100
0.837690
0.896920
0.834770
0.891370
0.857610
0.877470
0.871030
0.883600
0.846510
0.850510
0.873580
0.866080
0.859670
0.915750
0.867700
0.856990
0.883280
0.898750
0.879930
0.866890
0.884490
0.877930
0.853620
0.885150
0.890840
0.853720
0.839690
0.913020
0.915200
0.837060
0.864140
0.818130
0.893240
0.884120
0.874420
0.841870
0.877640
0.850840
0.893860
0.861500
0.851740
0.875540
0.871480
0.885450
0.846630
0.883260
0.855630
0.911940
0.871690
0.821900
0.832900
0.888290
0.862490
