0.859970
0.927510
0.874140
0.847170
0.847560
0.920150
0.900880
0.931710
0.886850
0.898910
0.824040
0.888290
0.895700
0.927720
0.894020
0.887680
0.884280
0.869670
0.887030
0.870640
0.880660
0.897340
0.916240
0.854900
0.893200
0.902380
0.859150
0.859800
0.912300
0.874030
0.889680
0.884990
0.873920
0.908910
0.894450
0.877150
0.886230
0.863720
0.877420
0.870020
0.907560
0.927460
0.855740
0.898320
0.873100
0.843940
0.868730
0.860680
0.863340
0.915440
0.871010
0.873010
0.863250
0.918330
0.877570
0.895880
0.885990
0.889510
0.927590
0.904870
0.916110
0.873810
0.850220
0.917020
0.877530
0.889450
0.882440
0.893310
0.821900
0.914500
0.819620
0.848480
0.879980
0.920600
0.861000
0.849370
0.867640
0.885000
0.861560
0.858550
0.923800
0.877200
0.886600
0.890970
0.936060
0.863620
0.896530
0.875940
0.882570
0.862990
0.919700
0.869380
0.886730
0.802200
0.868420
0.890850
0.883070
0.889710
0.922580
0.872040
0.911590
0.887830
0.910230
0.890860
0.896310
0.890970
0.860030
0.875190
0.888300
0.861000
0.923400
0.902160
0.856000
0.862280
0.868510
0.874040
0.879270
0.910090
0.794930
0.822750
0.906480
0.912890
0.858000
0.916760
0.880640
0.871820
0.921130
0.870940
0.881700
0.889870
0.851650
0.893540
0.834190
0.876950
0.865230
0.887320
0.895640
0.894060
0.892340
0.856170
0.901750
0.906610
0.771770
0.892650
0.853340
0.831760
0.859080
0.855150
0.886070
0.903990
