0.903350
0.928430
0.904530
0.915690
0.867820
0.921080
0.886220
0.926890
0.930890
0.887560
0.909150
0.914540
0.886630
0.904350
0.899070
0.904910
0.872170
0.902850
0.893510
0.899840
0.869030
0.933790
0.926880
0.891850
0.907260
0.902900
0.939910
0.879190
0.886550
0.890620
0.871090
0.877400
0.868020
0.919060
0.914380
0.897650
0.919420
0.911140
0.875160
0.930900
0.941370
0.907430
0.902310
0.925780
0.935560
0.875840
0.902040
0.889810
0.898210
0.892650
0.926270
0.867660
0.900810
0.917340
0.919260
0.890320
0.892270
0.913820
0.872360
0.866950
0.897950
0.889810
0.901520
0.924670
0.872600
0.880320
0.914040
0.893410
0.898680
0.893860
0.907650
0.868380
0.920110
0.932090
0.940170
0.947790
0.904930
0.920990
0.926280
0.935570
0.899210
0.928720
0.881670
0.909830
0.892350
0.889790
0.904700
0.881310
0.858190
0.920590
0.936240
0.900850
0.920180
0.914300
0.891410
0.903420
0.927500
0.890890
0.929420
0.914750
0.907800
0.902590
0.901650
0.909600
0.896190
0.881180
0.882600
0.890760
0.911420
0.891950
0.921720
0.872840
0.888030
0.892790
0.908340
0.918190
0.922750
0.939960
0.893170
0.952420
0.898040
0.886500
0.925510
0.885660
0.916210
0.942970
0.928560
0.898030
0.916840
0.877140
0.929830
0.939700
0.893710
0.883260
0.920400
0.879740
0.894650
0.925610
0.938980
0.910320
0.877910
0.916920
0.906450
0.854730
0.910560
0.872760
0.907060
0.860340
0.887130
0.898950
