0.904720
0.948310
0.909190
0.928180
0.913020
0.940760
0.881800
0.904490
0.919870
0.914420
0.895960
0.898320
0.915540
0.921600
0.876660
0.903170
0.925940
0.903600
0.923450
0.866700
0.887970
0.897230
0.940030
0.881230
0.915090
0.913230
0.919060
0.917490
0.866990
0.924390
0.894440
0.937470
0.900210
0.867860
0.895500
0.872890
0.917670
0.891270
0.903050
0.915320
0.928390
0.913050
0.897340
0.909670
0.903880
0.911960
0.921130
0.882770
0.951500
0.926400
0.891240
0.868010
0.937120
0.890910
0.896330
0.965690
0.892470
0.918400
0.894790
0.956110
0.887950
0.927970
0.875430
0.877000
0.894680
0.917620
0.892700
0.892810
0.885680
0.937750
0.915570
0.916580
0.877320
0.935690
0.904660
0.916680
0.860720
0.897370
0.898950
0.869560
0.906180
0.926740
0.893580
0.930420
0.954180
0.896830
0.914750
0.895870
0.924080
0.929380
0.929220
0.879300
0.937670
0.911950
0.950070
0.904690
0.933510
0.930090
0.880310
0.911530
0.932350
0.898500
0.894890
0.892990
0.880990
0.944290
0.869800
0.938170
0.884890
0.932870
0.904320
0.943060
0.923360
0.923770
0.896100
0.926840
0.842940
0.877990
0.881680
0.904420
0.892200
0.929100
0.906570
0.927590
0.917160
0.914160
0.904580
0.883930
0.932100
0.928650
0.901220
0.903820
0.956830
0.904780
0.874890
0.913440
0.925470
0.932810
0.933110
0.934400
0.884600
0.910670
0.875780
0.908070
0.874910
0.900540
0.912570
0.842660
0.903420
0.925090
