0.916560
0.923750
0.949650
0.939740
0.928670
0.871020
0.913220
0.926570
0.913630
0.926990
0.930560
0.884750
0.933460
0.899670
0.925290
0.866440
0.893710
0.892000
0.876340
0.938330
0.929120
0.930440
0.901770
0.931650
0.904730
0.938290
0.898070
0.919520
0.956740
0.928930
0.935000
0.945190
0.941540
0.943980
0.897430
0.934680
0.923990
0.905210
0.940730
0.922600
0.898250
0.932280
0.921500
0.948540
0.939970
0.924380
0.915160
0.917520
0.927920
0.907570
0.911290
0.928250
0.910900
0.884090
0.908070
0.949850
0.916690
0.907650
0.878030
0.895520
0.910410
0.913700
0.912240
0.930700
0.931030
0.863530
0.884500
0.886230
0.929960
0.925680
0.914240
0.925030
0.918420
0.934320
0.863030
0.891880
0.935730
0.900650
0.903000
0.934130
0.928550
0.932740
0.922620
0.952830
0.922720
0.911650
0.938420
0.920750
0.956790
0.886330
0.924670
0.842260
0.960770
0.947670
0.902560
0.885090
0.921150
0.917130
0.960580
0.941080
0.930500
0.924180
0.922990
0.916540
0.962490
0.908810
0.890200
0.923880
0.924650
0.866320
0.896080
0.886950
0.932310
0.923280
0.942300
0.930790
0.894700
0.937550
0.880310
0.898280
0.927730
0.936850
0.895160
0.929720
0.924510
0.945000
0.926950
0.909070
0.927500
0.956800
0.932800
0.893730
0.922000
0.889920
0.888210
0.947800
0.922980
0.936910
0.834930
0.936540
0.919540
0.935350
0.944470
0.923440
0.892050
0.911910
0.944410
0.921250
0.876150
0.945500
