0.851960
0.833890
0.866490
0.871330
0.860190
0.893660
0.822630
0.848610
0.809100
0.886520
0.854980
0.906660
0.892170
0.862140
0.857430
0.895440
0.827550
0.856500
0.810600
0.868630
0.861460
0.813710
0.891380
0.871270
0.808320
0.869110
0.880530
0.895650
0.850020
0.848330
0.832890
0.810150
0.879550
0.838440
0.902990
0.895240
0.855700
0.842160
0.831570
0.833290
0.867520
0.833150
0.898560
0.867350
0.838450
0.923610
0.878380
0.858590
0.879550
0.826510
0.874790
0.881320
0.866070
0.884060
0.822000
0.846130
0.859540
0.825400
0.867840
0.831180
0.853220
0.814330
0.833140
0.832240
0.869850
0.892000
0.877840
0.867870
0.879840
0.901800
0.902190
0.858680
0.873810
0.844920
0.876760
0.858310
0.839520
0.856730
0.901110
0.833840
0.818680
0.863310
0.863650
0.854570
0.834800
0.867530
0.892870
0.887610
0.907230
0.853830
0.855380
0.828820
0.879170
0.897640
0.867950
0.784790
0.847580
0.887720
0.852150
0.847700
0.848780
0.860730
0.858170
0.828700
0.827550
0.860520
0.899120
0.837880
0.837320
0.842120
0.860750
0.819450
0.886630
0.893560
0.849060
0.891970
0.882360
0.860980
0.862070
0.857440
0.823240
0.844470
0.791560
0.860880
0.892980
0.872180
0.845940
0.847370
0.872140
0.870040
0.828340
0.845420
0.865330
0.854530
0.889910
0.865310
0.879310
0.837810
0.853000
0.804000
0.876880
0.870890
0.875410
0.856430
0.871800
0.862740
0.835460
0.817080
0.844620
0.865990
