0.942200
0.886290
0.918350
0.911370
0.870060
0.915630
0.872310
0.934760
0.928780
0.920550
0.928940
0.939680
0.881070
0.912410
0.929810
0.922960
0.874560
0.871730
0.948080
0.834960
0.885180
0.909500
0.898470
0.886250
0.926430
0.914780
0.917050
0.920790
0.883540
0.911070
0.930290
0.934370
0.920920
0.890910
0.935440
0.862820
0.827400
0.814180
0.933750
0.908090
0.904500
0.926720
0.889130
0.946790
0.950600
0.895520
0.952570
0.929610
0.905540
0.913540
0.904650
0.903990
0.922770
0.908330
0.909260
0.902600
0.908440
0.913460
0.920990
0.914110
0.953970
0.893200
0.904800
0.896370
0.956740
0.873490
0.941370
0.860260
0.935330
0.909440
0.886040
0.840800
0.906660
0.888670
0.951720
0.897740
0.931040
0.903120
0.955240
0.899180
0.896980
0.927580
0.929720
0.897560
0.903870
0.936830
0.906740
0.889020
0.905070
0.924100
0.867780
0.946200
0.908130
0.902770
0.886360
0.892150
0.922480
0.895370
0.907500
0.917960
0.894470
0.931530
0.940140
0.904460
0.901980
0.910450
0.918940
0.901040
0.922960
0.908760
0.926830
0.937540
0.886970
0.929600
0.895460
0.900500
0.875060
0.932770
0.917400
0.903420
0.887410
0.874450
0.938360
0.929220
0.887790
0.937700
0.902670
0.923690
0.891560
0.911740
0.857430
0.922770
0.951470
0.928270
0.929120
0.890890
0.913370
0.936930
0.913470
0.895260
0.893250
0.915770
0.913230
0.905650
0.925700
0.907600
0.931780
0.949310
0.914620
0.884050
