0.883240
0.859910
0.899040
0.908140
0.883650
0.911830
0.860240
0.864710
0.912520
0.888460
0.869470
0.907410
0.878450
0.906030
0.875990
0.916790
0.920780
0.853380
0.888850
0.865340
0.919370
0.877860
0.896600
0.871730
0.890260
0.869450
0.886280
0.904110
0.925990
0.869260
0.855430
0.856450
0.913440
0.892900
0.947960
0.865740
0.878760
0.859700
0.949020
0.871600
0.853830
0.873990
0.883640
0.884370
0.890900
0.888820
0.898100
0.902770
0.851940
0.888460
0.879750
0.856690
0.848090
0.878520
0.862090
0.906280
0.873900
0.891170
0.911420
0.896050
0.889110
0.904740
0.898640
0.882750
0.862760
0.886510
0.914540
0.855200
0.896800
0.909240
0.900580
0.864220
0.892260
0.892590
0.870480
0.909340
0.857690
0.862890
0.866490
0.874500
0.902330
0.847060
0.901520
0.874620
0.874420
0.872040
0.892320
0.878700
0.920490
0.883800
0.917510
0.908670
0.904140
0.877430
0.925220
0.905810
0.867760
0.896600
0.871480
0.794880
0.871000
0.888360
0.879300
0.894600
0.866610
0.899950
0.880690
0.860230
0.898590
0.915680
0.891240
0.853570
0.886890
0.912630
0.876640
0.853760
0.916360
0.890490
0.885570
0.894200
0.869170
0.908480
0.880360
0.825490
0.917480
0.891110
0.883260
0.919180
0.885680
0.859770
0.894370
0.895780
0.896670
0.875180
0.878710
0.859260
0.840930
0.869950
0.925390
0.895800
0.927890
0.884760
0.923430
0.859330
0.889060
0.863000
0.882470
0.853380
0.920050
0.862160
