0.867470
0.908730
0.892360
0.871330
0.926640
0.857100
0.862370
0.910390
0.913060
0.870640
0.872060
0.870030
0.882760
0.897730
0.893570
0.893460
0.869680
0.896930
0.892000
0.898350
0.894690
0.898750
0.866190
0.898370
0.869190
0.910600
0.865830
0.885490
0.899110
0.829030
0.883450
0.895150
0.922580
0.891650
0.881210
0.861950
0.875610
0.880890
0.840280
0.880510
0.842100
0.850330
0.881090
0.898330
0.891270
0.884680
0.856670
0.853740
0.895100
0.890120
0.884870
0.841830
0.891530
0.859020
0.863990
0.831670
0.895080
0.896900
0.872190
0.845390
0.879970
0.908300
0.865600
0.872500
0.899310
0.819970
0.873620
0.915350
0.897420
0.852240
0.883910
0.892540
0.883020
0.867210
0.876290
0.885240
0.894170
0.882320
0.893750
0.875980
0.895990
0.902970
0.883880
0.907850
0.849430
0.894350
0.845580
0.916430
0.836060
0.889220
0.881000
0.902970
0.919000
0.904880
0.914910
0.816600
0.880520
0.908960
0.871490
0.903080
0.881490
0.931310
0.897670
0.898030
0.877490
0.876380
0.890120
0.893210
0.906220
0.895510
0.874690
0.875900
0.876500
0.863310
0.886200
0.930760
0.898870
0.910310
0.867300
0.848930
0.901950
0.888300
0.911880
0.886080
0.887820
0.911480
0.868750
0.881700
0.891050
0.887350
0.905220
0.904990
0.861290
0.872560
0.852010
0.883930
0.854710
0.874100
0.886540
0.900400
0.902880
0.866500
0.886780
0.870930
0.852010
0.915190
0.886680
0.866160
0.878920
0.912320
