0.932250
0.822400
0.889720
0.843690
0.908060
0.898930
0.884340
0.876580
0.863350
0.902460
0.909640
0.885800
0.907290
0.892800
0.853170
0.886780
0.915460
0.904880
0.923200
0.893730
0.879380
0.874420
0.887740
0.890340
0.852690
0.928060
0.864300
0.893370
0.891790
0.895520
0.903490
0.915670
0.896050
0.889170
0.882940
0.876240
0.890110
0.880770
0.889240
0.871920
0.863760
0.900450
0.872160
0.874370
0.867370
0.890240
0.903560
0.856980
0.880820
0.872560
0.878020
0.779860
0.903200
0.880490
0.889970
0.926070
0.881380
0.873010
0.883470
0.868330
0.902550
0.892920
0.851950
0.853030
0.853100
0.877600
0.907940
0.861290
0.881220
0.908060
0.907820
0.859150
0.934920
0.909130
0.875030
0.863570
0.904690
0.869350
0.865620
0.831420
0.899530
0.891230
0.875610
0.853320
0.850120
0.921800
0.903140
0.905180
0.867220
0.895150
0.879570
0.871130
0.878220
0.890890
0.932500
0.847710
0.867300
0.886660
0.811700
0.892560
0.831650
0.925850
0.819100
0.913380
0.883670
0.877400
0.896670
0.896210
0.904480
0.888960
0.892710
0.928240
0.888350
0.875430
0.920740
0.894960
0.884590
0.890430
0.935680
0.922320
0.874980
0.897520
0.873200
0.911310
0.883710
0.897250
0.879480
0.867700
0.879880
0.905090
0.885440
0.867180
0.873010
0.912550
0.889700
0.890440
0.916560
0.870920
0.893110
0.878600
0.923280
0.819450
0.869810
0.872240
0.870200
0.857610
0.838480
0.843100
0.896750
0.884580
