0.847500
0.854030
0.877150
0.848840
0.832840
0.838250
0.843290
0.837400
0.865320
0.816800
0.887940
0.839350
0.869810
0.801790
0.847470
0.877690
0.886690
0.890350
0.799730
0.808620
0.837040
0.821780
0.891910
0.864620
0.856780
0.845950
0.861920
0.891800
0.855250
0.880000
0.863460
0.839280
0.867700
0.875230
0.869960
0.831330
0.853430
0.853410
0.853730
0.834550
0.860380
0.882230
0.829250
0.885100
0.850750
0.846310
0.809310
0.842140
0.866260
0.873860
0.851880
0.827420
0.863440
0.887840
0.906260
0.815850
0.857790
0.879280
0.851870
0.839730
0.826670
0.807000
0.878230
0.854200
0.893630
0.829470
0.848160
0.850620
0.815050
0.826690
0.847420
0.857360
0.818970
0.844550
0.883400
0.878150
0.822340
0.825030
0.867840
0.853500
0.836880
0.856610
0.840210
0.849770
0.824450
0.885720
0.865520
0.836390
0.898700
0.866540
0.861710
0.873590
0.840210
0.870920
0.854510
0.875530
0.885120
0.827240
0.853490
0.882340
0.856660
0.837780
0.853900
0.868780
0.856830
0.894750
0.862380
0.899930
0.847990
0.883150
0.861840
0.873490
0.862210
0.819270
0.876020
0.826720
0.879630
0.856580
0.845170
0.850900
0.843710
0.845970
0.845670
0.830020
0.861730
0.867230
0.863680
0.865360
0.825840
0.842860
0.817290
0.844950
0.827740
0.830050
0.854220
0.842720
0.839550
0.849320
0.829610
0.837040
0.837880
0.856940
0.896950
0.828500
0.903560
0.874090
0.853570
0.882520
0.861880
0.833150
