0.938450
0.908840
0.911780
0.880730
0.853260
0.894180
0.872260
0.952670
0.892750
0.903760
0.917820
0.919150
0.933440
0.899320
0.906610
0.939900
0.887220
0.902240
0.871910
0.921810
0.906570
0.886270
0.911980
0.925560
0.937890
0.886500
0.919350
0.910210
0.870350
0.910780
0.920910
0.926540
0.921990
0.929310
0.904600
0.919480
0.954940
0.920220
0.890900
0.923670
0.890770
0.920180
0.871470
0.905430
0.937360
0.942590
0.920290
0.939550
0.904230
0.898990
0.910470
0.906470
0.888720
0.923250
0.916420
0.897220
0.920570
0.905800
0.886570
0.908980
0.846640
0.907320
0.908510
0.857720
0.865820
0.916680
0.908380
0.883390
0.915260
0.921280
0.918650
0.953700
0.944280
0.873530
0.895770
0.918030
0.888750
0.879060
0.904640
0.947060
0.920340
0.906690
0.923700
0.900550
0.890240
0.864470
0.911100
0.894290
0.886240
0.940470
0.920990
0.881000
0.885110
0.899520
0.920690
0.929260
0.922310
0.938980
0.927520
0.920940
0.909460
0.888950
0.931380
0.918450
0.944640
0.948690
0.941350
0.913950
0.877490
0.918660
0.920370
0.960460
0.883040
0.902170
0.928630
0.910570
0.922120
0.860250
0.928660
0.877980
0.889740
0.922660
0.897460
0.883710
0.893890
0.926090
0.895820
0.934230
0.911450
0.911660
0.906640
0.911470
0.921050
0.922780
0.931690
0.898140
0.934300
0.917090
0.918920
0.847740
0.896100
0.858930
0.881250
0.947860
0.913910
0.914860
0.870440
0.891730
0.920040
0.887900
