0.911920
0.895570
0.892630
0.878710
0.894770
0.899250
0.919360
0.938830
0.893070
0.945430
0.903790
0.887360
0.852630
0.903380
0.912090
0.924190
0.915140
0.921190
0.893480
0.889810
0.948340
0.913630
0.945360
0.922600
0.908330
0.884970
0.912980
0.880380
0.897680
0.861850
0.879600
0.908250
0.918120
0.899650
0.929250
0.886310
0.869460
0.934750
0.887960
0.933510
0.911180
0.855910
0.942560
0.901270
0.878470
0.878510
0.909510
0.900090
0.925470
0.930250
0.895630
0.880090
0.929300
0.901440
0.898450
0.893420
0.933210
0.905000
0.916620
0.910000
0.884260
0.919680
0.896190
0.934330
0.900840
0.932330
0.916580
0.894860
0.897580
0.916140
0.904090
0.959750
0.912270
0.846400
0.951160
0.900620
0.908150
0.916040
0.906090
0.885730
0.854550
0.933410
0.912140
0.929820
0.942840
0.930270
0.875830
0.897060
0.949900
0.927520
0.906890
0.935940
0.915390
0.903620
0.945670
0.927980
0.893600
0.875750
0.886160
0.934710
0.922580
0.939570
0.889990
0.883680
0.925040
0.863040
0.902000
0.918110
0.935040
0.908990
0.860960
0.942720
0.914180
0.904300
0.914430
0.923230
0.942020
0.921470
0.942670
0.938090
0.910570
0.869910
0.937890
0.931700
0.920160
0.883020
0.921700
0.932610
0.869590
0.880740
0.899300
0.866610
0.913370
0.936270
0.924420
0.882460
0.882990
0.856080
0.883480
0.925540
0.886430
0.892920
0.915790
0.952240
0.929500
0.880000
0.882490
0.886610
0.867380
0.899600
