0.920960
0.933700
0.891140
0.929680
0.899370
0.909790
0.870150
0.880380
0.921280
0.973320
0.911540
0.922260
0.885750
0.927150
0.854850
0.949070
0.931870
0.899230
0.964110
0.931290
0.919150
0.914020
0.902620
0.883460
0.875000
0.900550
0.930040
0.889960
0.874790
0.895910
0.869410
0.930200
0.917570
0.902040
0.940340
0.919230
0.935420
0.917660
0.917140
0.923940
0.912890
0.898150
0.922180
0.887020
0.881800
0.928670
0.937180
0.920590
0.930360
0.915430
0.923310
0.872220
0.910700
0.929930
0.943910
0.930730
0.900300
0.894330
0.890610
0.951050
0.896470
0.913920
0.911630
0.919000
0.898270
0.920200
0.866070
0.912880
0.910900
0.892300
0.876830
0.897120
0.925860
0.920900
0.922870
0.884350
0.940410
0.932530
0.923140
0.929260
0.924300
0.877590
0.922340
0.929630
0.905290
0.910770
0.901070
0.909020
0.929960
0.909690
0.934850
0.896030
0.899610
0.912720
0.912480
0.900260
0.896640
0.904120
0.901980
0.898900
0.915930
0.893680
0.884160
0.894670
0.937260
0.963460
0.917750
0.947250
0.910570
0.883770
0.930900
0.884480
0.919860
0.945940
0.887080
0.948810
0.875440
0.912660
0.903800
0.922860
0.950900
0.913090
0.911930
0.913330
0.911980
0.908630
0.896580
0.862960
0.918940
0.870200
0.867650
0.901150
0.885980
0.924490
0.934540
0.888900
0.931590
0.877880
0.885070
0.924300
0.889760
0.902330
0.917160
0.908810
0.926560
0.928870
0.918090
0.907160
0.921830
0.873360
