0.890990
0.881650
0.882380
0.856330
0.879860
0.892800
0.862570
0.857770
0.847650
0.882140
0.871150
0.904010
0.886590
0.869010
0.828390
0.866920
0.872520
0.866840
0.941940
0.918250
0.864490
0.909430
0.858350
0.846470
0.893800
0.901290
0.830840
0.914610
0.903560
0.881170
0.850950
0.870500
0.901460
0.868120
0.916710
0.902540
0.913660
0.894340
0.878110
0.917820
0.882030
0.884950
0.893940
0.921040
0.900520
0.889290
0.907710
0.906470
0.890640
0.886780
0.913960
0.907310
0.874420
0.905520
0.855040
0.886140
0.892720
0.883320
0.876660
0.897880
0.859950
0.868070
0.835440
0.898570
0.872270
0.864340
0.885230
0.890660
0.909530
0.885740
0.858950
0.887380
0.910080
0.894930
0.916440
0.870850
0.901460
0.928550
0.873080
0.882500
0.907690
0.919910
0.855960
0.874520
0.878790
0.896290
0.882430
0.886310
0.885370
0.912170
0.912270
0.876640
0.904550
0.879380
0.858150
0.859110
0.892460
0.880360
0.891920
0.845330
0.870490
0.908650
0.902030
0.885250
0.882530
0.900540
0.796990
0.898870
0.876680
0.896370
0.888490
0.856730
0.920780
0.853540
0.859150
0.892140
0.884520
0.903770
0.873930
0.869790
0.927400
0.867880
0.916830
0.826630
0.842430
0.881090
0.903480
0.854790
0.874650
0.887380
0.880990
0.855160
0.879210
0.833300
0.884050
0.908950
0.885180
0.807380
0.837210
0.865270
0.891470
0.907230
0.880100
0.884050
0.885950
0.874640
0.877850
0.858860
0.882430
0.848420
