0.940220
0.897220
0.908150
0.942240
0.911160
0.901130
0.899560
0.914910
0.919930
0.890670
0.906630
0.910270
0.879670
0.858370
0.874950
0.920510
0.902590
0.900650
0.879940
0.928020
0.902120
0.891790
0.870320
0.872330
0.904300
0.937010
0.922840
0.895800
0.889930
0.895110
0.900760
0.927390
0.890960
0.912950
0.956860
0.918630
0.897920
0.847700
0.897650
0.918210
0.900180
0.883030
0.877950
0.892950
0.873860
0.867020
0.917310
0.894860
0.921500
0.915010
0.878440
0.945170
0.896710
0.909610
0.915520
0.902300
0.902870
0.881890
0.922230
0.874170
0.913730
0.931840
0.900810
0.934950
0.919110
0.876320
0.917280
0.903440
0.936800
0.914860
0.895860
0.878680
0.906010
0.888560
0.908050
0.888900
0.909760
0.882050
0.879910
0.887630
0.863910
0.896800
0.913340
0.896290
0.875380
0.877890
0.864960
0.910310
0.898970
0.921130
0.930850
0.942760
0.902130
0.896030
0.929520
0.926150
0.923920
0.900720
0.936450
0.908520
0.916810
0.934260
0.894020
0.920920
0.901350
0.906090
0.905820
0.889270
0.890910
0.869530
0.909140
0.916220
0.875770
0.898760
0.903160
0.891220
0.912260
0.904720
0.900370
0.913160
0.940140
0.907750
0.884090
0.892600
0.899320
0.882480
0.920010
0.871980
0.940620
0.902240
0.850400
0.933250
0.916610
0.949840
0.887870
0.929910
0.954510
0.921470
0.917000
0.914710
0.903070
0.867550
0.912580
0.907500
0.896050
0.895630
0.898230
0.901120
0.914110
0.919950
