0.904440
0.890330
0.868910
0.888410
0.872080
0.886350
0.892610
0.896560
0.871810
0.874120
0.913250
0.889730
0.889930
0.868760
0.891150
0.889730
0.881790
0.884530
0.886690
0.878200
0.923970
0.877730
0.922230
0.871020
0.909040
0.891400
0.875110
0.886030
0.891710
0.853290
0.883290
0.887720
0.896490
0.921190
0.929640
0.903820
0.906640
0.889330
0.897410
0.888430
0.890790
0.918250
0.906370
0.860330
0.862330
0.898650
0.891400
0.915100
0.893210
0.899280
0.861330
0.860690
0.877620
0.860760
0.924710
0.916540
0.924710
0.880300
0.917320
0.902370
0.908660
0.896470
0.928430
0.882610
0.907480
0.873950
0.908770
0.869740
0.879720
0.883240
0.918490
0.857880
0.910640
0.886340
0.902010
0.896160
0.856470
0.899050
0.893580
0.880650
0.914180
0.859140
0.911930
0.883810
0.877250
0.906060
0.894730
0.862600
0.925330
0.899500
0.906500
0.920630
0.885990
0.899380
0.904170
0.898730
0.875880
0.884590
0.892200
0.893020
0.934260
0.890120
0.906700
0.877660
0.892150
0.903810
0.898010
0.879680
0.888120
0.865870
0.900980
0.901660
0.933270
0.868030
0.891940
0.853530
0.876060
0.913110
0.918980
0.878700
0.887280
0.904450
0.885510
0.914540
0.876590
0.932310
0.900120
0.895400
0.883910
0.878230
0.881320
0.903550
0.911260
0.919890
0.869250
0.895570
0.869360
0.925170
0.880020
0.888760
0.917860
0.891480
0.877760
0.897680
0.910370
0.895710
0.901410
0.892960
0.912430
0.908590
