0.858890
0.879080
0.869180
0.893430
0.858990
0.852210
0.883450
0.893510
0.873720
0.873980
0.888740
0.872300
0.905650
0.900150
0.891620
0.875520
0.886860
0.871330
0.859120
0.846470
0.835120
0.861210
0.872220
0.891460
0.837800
0.889580
0.863210
0.844980
0.861020
0.842610
0.895640
0.883240
0.849770
0.858360
0.872740
0.884480
0.817750
0.864580
0.885940
0.886720
0.866860
0.867160
0.858800
0.855270
0.851570
0.900970
0.843780
0.876060
0.893830
0.878630
0.852480
0.889950
0.896330
0.879310
0.894720
0.872840
0.874990
0.899550
0.881220
0.853330
0.875600
0.889800
0.882430
0.847810
0.883460
0.885860
0.873300
0.863680
0.877810
0.881660
0.853130
0.879160
0.857980
0.833530
0.903730
0.863300
0.862330
0.900650
0.866320
0.883460
0.876770
0.875720
0.874900
0.834750
0.897310
0.891750
0.872060
0.879220
0.869550
0.862130
0.843710
0.868830
0.831240
0.849910
0.867770
0.893870
0.871660
0.853580
0.849650
0.872120
0.861760
0.879990
0.889680
0.865000
0.874360
0.891000
0.848600
0.858020
0.900310
0.881760
0.890970
0.890880
0.897420
0.870810
0.889880
0.866270
0.904440
0.876610
0.886180
0.860950
0.875850
0.869070
0.868650
0.863310
0.883410
0.867090
0.892270
0.874890
0.878320
0.888680
0.864250
0.875040
0.859430
0.880070
0.846420
0.872680
0.864800
0.879550
0.861480
0.897700
0.868620
0.890540
0.898430
0.879500
0.877020
0.910860
0.888070
0.872400
0.874590
0.844550
