0.897290
0.902600
0.869060
0.904780
0.866180
0.891960
0.897910
0.908330
0.901040
0.871760
0.921160
0.876280
0.879410
0.872450
0.871360
0.879090
0.889160
0.882550
0.876710
0.876160
0.894390
0.875150
0.896230
0.888750
0.912520
0.885780
0.869370
0.888200
0.895000
0.878950
0.909750
0.890110
0.907150
0.885400
0.901890
0.842670
0.921690
0.895730
0.924310
0.879960
0.866030
0.887890
0.861580
0.918500
0.869830
0.880400
0.879020
0.880230
0.905460
0.902190
0.918080
0.889800
0.906640
0.918610
0.923480
0.879540
0.897280
0.890540
0.874610
0.890770
0.913810
0.907250
0.856700
0.900620
0.887640
0.910860
0.881520
0.858230
0.910580
0.875890
0.857480
0.872040
0.907830
0.885170
0.851890
0.895030
0.911350
0.904470
0.873370
0.895110
0.890800
0.885510
0.903720
0.900690
0.888160
0.903930
0.903170
0.911170
0.910710
0.899220
0.893980
0.897330
0.901210
0.883830
0.866620
0.866580
0.862870
0.906820
0.858070
0.888920
0.887540
0.886140
0.881950
0.876540
0.882550
0.889440
0.887970
0.885860
0.877870
0.872140
0.936530
0.899190
0.892270
0.885970
0.889340
0.910440
0.883330
0.855430
0.923090
0.876210
0.909270
0.867490
0.880920
0.872710
0.892690
0.874430
0.892660
0.861790
0.909160
0.865770
0.860130
0.876770
0.902330
0.900220
0.880560
0.933160
0.871280
0.880710
0.872930
0.891620
0.849960
0.863630
0.930100
0.876260
0.906020
0.916600
0.885220
0.931410
0.905250
0.907050
