0.882530
0.884170
0.869050
0.920120
0.913530
0.878420
0.878980
0.897930
0.882270
0.870360
0.895010
0.869760
0.859470
0.913320
0.885760
0.877570
0.889900
0.874580
0.888270
0.857000
0.881160
0.889270
0.890510
0.859790
0.911870
0.892890
0.915600
0.851580
0.872260
0.887990
0.904580
0.876270
0.926220
0.889640
0.893840
0.895660
0.885970
0.895210
0.901910
0.865110
0.892440
0.855160
0.895010
0.890480
0.903880
0.893940
0.858800
0.874650
0.903300
0.893330
0.930610
0.880600
0.898690
0.877250
0.869100
0.877750
0.905040
0.907690
0.875950
0.914480
0.874580
0.904740
0.877240
0.895410
0.884560
0.882030
0.868770
0.879280
0.910570
0.919340
0.879290
0.890640
0.898460
0.923560
0.880390
0.885160
0.863480
0.889000
0.857050
0.878720
0.883180
0.861540
0.893080
0.937470
0.863420
0.885750
0.879050
0.902420
0.897800
0.858630
0.871030
0.853940
0.891320
0.908230
0.872350
0.868640
0.891580
0.901490
0.906130
0.867640
0.912830
0.852080
0.882600
0.876730
0.899720
0.869180
0.890270
0.885140
0.861060
0.925930
0.920300
0.894420
0.899020
0.902370
0.876250
0.852060
0.834720
0.861150
0.861460
0.895330
0.853730
0.922280
0.860930
0.884980
0.882820
0.892950
0.892320
0.902550
0.884600
0.920080
0.912210
0.882060
0.870650
0.848070
0.903500
0.858310
0.870550
0.901190
0.863540
0.880290
0.877760
0.877060
0.883910
0.860720
0.878340
0.874880
0.893850
0.870000
0.863870
0.942290
