0.958140
0.935360
0.946000
0.933360
0.945330
0.946380
0.933840
0.892800
0.928030
0.955460
0.945280
0.931730
0.922420
0.946330
0.940120
0.932900
0.924140
0.951390
0.938230
0.942300
0.957850
0.917550
0.918910
0.924980
0.920990
0.875650
0.891960
0.929400
0.894740
0.949950
0.924870
0.928590
0.940950
0.959840
0.936750
0.949340
0.933350
0.930800
0.915980
0.949130
0.946090
0.939000
0.933890
0.893090
0.936950
0.933300
0.959290
0.924970
0.924880
0.932880
0.885180
0.934050
0.916210
0.946170
0.942380
0.882560
0.902650
0.876490
0.938900
0.923090
0.963410
0.913270
0.892980
0.940330
0.917280
0.905980
0.940710
0.940870
0.901930
0.931040
0.946460
0.938470
0.933030
0.910060
0.904180
0.939850
0.933910
0.915040
0.954940
0.954750
0.894010
0.923930
0.922040
0.944970
0.940770
0.920400
0.903510
0.935310
0.959540
0.925730
0.938420
0.935190
0.936860
0.945820
0.948450
0.899880
0.945720
0.934780
0.912630
0.945300
0.938390
0.920030
0.911380
0.957050
0.944130
0.912760
0.914950
0.949900
0.949910
0.943120
0.937180
0.920330
0.925260
0.923510
0.929110
0.934190
0.923700
0.943670
0.915850
0.941660
0.927060
0.944770
0.915530
0.943940
0.940640
0.911960
0.939290
0.952410
0.932300
0.945360
0.928220
0.944780
0.933530
0.926340
0.914810
0.928010
0.924100
0.925210
0.948130
0.937630
0.939870
0.937620
0.896030
0.909570
0.954510
0.924400
0.931150
0.927150
0.922670
0.915640
