0.897980
0.872060
0.837670
0.864480
0.867350
0.886240
0.841370
0.822650
0.863260
0.871170
0.921300
0.867530
0.828070
0.863140
0.902100
0.821510
0.881160
0.860510
0.924620
0.859630
0.880540
0.917050
0.875690
0.872960
0.874550
0.894860
0.860470
0.851160
0.873940
0.876550
0.873020
0.829090
0.862250
0.878910
0.881290
0.863110
0.857810
0.864410
0.815850
0.885060
0.846320
0.918870
0.887780
0.876640
0.842710
0.870530
0.892790
0.875860
0.883130
0.873190
0.842700
0.861500
0.851750
0.890700
0.888390
0.872640
0.850710
0.876090
0.850010
0.881550
0.904300
0.853610
0.877460
0.902760
0.871960
0.890160
0.920640
0.853090
0.878940
0.882770
0.905050
0.868230
0.903750
0.895740
0.871550
0.861180
0.860480
0.872510
0.888840
0.855570
0.884190
0.870430
0.903350
0.881350
0.887580
0.883380
0.864200
0.873860
0.881210
0.901240
0.877720
0.876020
0.918280
0.910280
0.888960
0.881290
0.848220
0.878780
0.861420
0.890120
0.854500
0.853050
0.867580
0.839000
0.876550
0.882080
0.834760
0.903420
0.887860
0.888930
0.862290
0.879830
0.873150
0.861100
0.912320
0.896010
0.894230
0.896630
0.848240
0.848790
0.908280
0.892580
0.881220
0.879790
0.881040
0.898070
0.861560
0.873220
0.871030
0.840990
0.908890
0.906590
0.881440
0.883820
0.856340
0.883400
0.917610
0.893330
0.898820
0.890890
0.894690
0.868100
0.866180
0.845740
0.893120
0.867090
0.892270
0.835450
0.857810
0.890030
