0.863420
0.922420
0.883700
0.892650
0.905270
0.881420
0.867500
0.879200
0.886520
0.899740
0.898080
0.851340
0.903800
0.915600
0.880630
0.869620
0.920380
0.877810
0.844130
0.900120
0.891590
0.904760
0.904780
0.884350
0.884760
0.867360
0.871850
0.848760
0.888440
0.883460
0.894740
0.876870
0.896660
0.890980
0.890490
0.868030
0.915630
0.907830
0.866810
0.859940
0.910650
0.906810
0.893960
0.883720
0.904330
0.903350
0.863200
0.914460
0.851520
0.911200
0.891330
0.898120
0.895670
0.876570
0.892310
0.904890
0.881200
0.912960
0.882570
0.888710
0.903530
0.906100
0.888870
0.904290
0.880480
0.896320
0.895780
0.875710
0.888750
0.865820
0.855430
0.899670
0.876740
0.897940
0.903870
0.912620
0.887270
0.867420
0.872740
0.897410
0.874320
0.882990
0.849320
0.889860
0.881750
0.873150
0.862730
0.874410
0.897470
0.911720
0.885090
0.894720
0.881960
0.902780
0.891770
0.919460
0.895390
0.899480
0.910130
0.886260
0.875610
0.849390
0.881360
0.888640
0.883450
0.902220
0.915050
0.882950
0.875970
0.892730
0.905010
0.879210
0.886810
0.873970
0.877920
0.883260
0.893260
0.878870
0.879900
0.898180
0.900690
0.846180
0.884310
0.920090
0.890870
0.869570
0.891820
0.877550
0.915490
0.871700
0.930290
0.899520
0.886450
0.867570
0.846220
0.921970
0.915110
0.880490
0.867400
0.906720
0.901060
0.899830
0.898600
0.926450
0.908700
0.884600
0.903140
0.879090
0.897970
0.903570
