0.924880
0.906650
0.923950
0.917940
0.912870
0.915150
0.888730
0.904370
0.921730
0.918190
0.948860
0.882820
0.908640
0.935800
0.877670
0.873090
0.935940
0.930390
0.918360
0.934600
0.934230
0.931520
0.900850
0.925920
0.934080
0.913860
0.900090
0.883000
0.894970
0.909860
0.912740
0.932670
0.924560
0.891170
0.928120
0.937290
0.927220
0.913060
0.917650
0.943500
0.913900
0.943700
0.851500
0.918130
0.899410
0.900660
0.907140
0.890120
0.913310
0.938470
0.917960
0.931870
0.898380
0.897460
0.902120
0.903890
0.910800
0.910430
0.933800
0.911250
0.938560
0.916330
0.902220
0.937580
0.918790
0.886860
0.899820
0.936430
0.898260
0.899220
0.922320
0.895510
0.915540
0.915300
0.898310
0.925570
0.940710
0.936740
0.918660
0.929070
0.879690
0.926370
0.921790
0.949490
0.926110
0.927570
0.878470
0.921290
0.892400
0.891520
0.935350
0.921540
0.947870
0.893980
0.903250
0.910710
0.898210
0.917200
0.908110
0.920850
0.930860
0.943910
0.920680
0.936190
0.935590
0.930780
0.919950
0.887710
0.947150
0.915510
0.890450
0.899700
0.887820
0.921070
0.896650
0.911210
0.886340
0.903650
0.911110
0.936050
0.905680
0.917600
0.897920
0.880900
0.914650
0.920680
0.898530
0.948170
0.916440
0.918640
0.895290
0.891480
0.946580
0.889630
0.928800
0.903590
0.919060
0.924990
0.914890
0.914690
0.889050
0.923560
0.888000
0.907520
0.907540
0.903120
0.932560
0.931580
0.891200
0.917180
