0.874130
0.852420
0.871450
0.904450
0.883670
0.848740
0.899620
0.868380
0.884840
0.874890
0.884010
0.871510
0.860900
0.909720
0.874750
0.881090
0.849690
0.868900
0.864730
0.893320
0.893460
0.910320
0.873440
0.895520
0.903670
0.882810
0.866550
0.855230
0.885380
0.884550
0.868400
0.870810
0.869760
0.893690
0.909550
0.875750
0.914550
0.885260
0.856170
0.869260
0.867430
0.887760
0.834820
0.898290
0.888390
0.900210
0.896600
0.870460
0.881290
0.904750
0.860930
0.830800
0.873990
0.867570
0.892350
0.920850
0.838570
0.876110
0.877410
0.867730
0.846790
0.898170
0.861880
0.874310
0.889380
0.850640
0.862820
0.854110
0.871290
0.932050
0.883620
0.861380
0.885440
0.927380
0.866620
0.842470
0.905260
0.897330
0.836950
0.887560
0.873630
0.884000
0.891930
0.877510
0.880460
0.886370
0.919960
0.891580
0.891500
0.932660
0.875910
0.831620
0.837010
0.855800
0.856640
0.856440
0.906660
0.839380
0.915520
0.883520
0.891840
0.894010
0.863770
0.844630
0.877540
0.896170
0.892920
0.862610
0.842070
0.892360
0.930790
0.911780
0.901230
0.864690
0.848510
0.891250
0.844740
0.851150
0.886370
0.882440
0.905670
0.859390
0.854050
0.888540
0.898260
0.912860
0.893420
0.873150
0.872170
0.898400
0.877340
0.911350
0.859970
0.896650
0.872910
0.888660
0.877430
0.867980
0.900170
0.913800
0.902970
0.878100
0.860240
0.881260
0.873850
0.872970
0.844650
0.879000
0.866310
0.885990
