0.866760
0.887550
0.862940
0.894930
0.883570
0.839200
0.883580
0.898450
0.863710
0.866480
0.860100
0.899410
0.892280
0.930590
0.905210
0.921700
0.844850
0.888280
0.919020
0.865000
0.860980
0.845800
0.860540
0.883660
0.861580
0.885320
0.886250
0.897820
0.882170
0.842460
0.887620
0.886200
0.876040
0.906750
0.856420
0.873980
0.843620
0.906860
0.860280
0.850780
0.886380
0.869830
0.894210
0.888860
0.877650
0.870700
0.840680
0.867590
0.884920
0.895060
0.867930
0.874500
0.873110
0.866640
0.887410
0.895800
0.893360
0.866830
0.913720
0.897280
0.834380
0.847750
0.893350
0.874640
0.851120
0.875960
0.859040
0.907690
0.893080
0.828310
0.886280
0.893220
0.869990
0.815070
0.849310
0.854470
0.851160
0.875910
0.904540
0.883930
0.875430
0.875180
0.919030
0.841950
0.848520
0.888850
0.866740
0.854220
0.860710
0.898610
0.883050
0.846320
0.900220
0.894670
0.875900
0.878860
0.841600
0.864150
0.867430
0.866370
0.890200
0.890740
0.877830
0.873890
0.858150
0.863020
0.885350
0.887100
0.870070
0.908360
0.899970
0.865010
0.879360
0.899480
0.865300
0.891620
0.864800
0.850280
0.880390
0.911200
0.861620
0.892950
0.899860
0.917850
0.898880
0.876440
0.875020
0.845970
0.870510
0.853330
0.901270
0.908460
0.902250
0.900800
0.861120
0.858170
0.828220
0.899240
0.901220
0.855910
0.849840
0.850270
0.912240
0.855230
0.883440
0.913560
0.883710
0.869140
0.877150
0.878570
