0.860960
0.902900
0.885510
0.886700
0.868850
0.884350
0.877420
0.891500
0.924950
0.893530
0.883210
0.898150
0.894680
0.906540
0.907640
0.859790
0.860100
0.876870
0.898750
0.863510
0.875560
0.866300
0.893730
0.853990
0.875640
0.899880
0.866430
0.891370
0.879820
0.838150
0.854600
0.900960
0.906340
0.919820
0.901510
0.910950
0.881240
0.880850
0.873550
0.871650
0.870240
0.886410
0.889970
0.904160
0.903940
0.865800
0.898380
0.906280
0.910230
0.872720
0.903600
0.868710
0.875790
0.884790
0.864460
0.884210
0.892350
0.874850
0.864780
0.881890
0.901510
0.879870
0.895400
0.874120
0.901360
0.888780
0.882300
0.883570
0.913900
0.881000
0.911190
0.846400
0.889400
0.831690
0.852950
0.915500
0.917070
0.857400
0.879040
0.891670
0.868790
0.820220
0.893910
0.861310
0.869640
0.868360
0.891230
0.911180
0.842200
0.898790
0.884350
0.912150
0.837490
0.900130
0.889190
0.856000
0.922160
0.879420
0.874660
0.862200
0.899640
0.859720
0.878190
0.891180
0.895650
0.856910
0.883600
0.895910
0.878260
0.862910
0.905090
0.868480
0.912270
0.892240
0.901930
0.881500
0.889730
0.869590
0.925970
0.877130
0.872470
0.870370
0.855890
0.856030
0.863690
0.856810
0.893580
0.917990
0.902860
0.912950
0.882060
0.863960
0.871070
0.852800
0.843560
0.873820
0.915210
0.904950
0.877280
0.851760
0.882100
0.888260
0.882980
0.928790
0.883570
0.898270
0.887920
0.875430
0.868450
0.906760
