0.910880
0.879730
0.916130
0.916480
0.915270
0.924800
0.902070
0.856790
0.882960
0.908930
0.924040
0.931800
0.887070
0.934170
0.925810
0.932250
0.873200
0.931390
0.909420
0.896780
0.921220
0.864260
0.903560
0.917040
0.918800
0.918920
0.928550
0.909620
0.898010
0.920350
0.892640
0.900810
0.899430
0.922200
0.910870
0.918920
0.926010
0.922050
0.913480
0.898800
0.855440
0.917280
0.936670
0.880070
0.894710
0.922750
0.884190
0.934870
0.897060
0.919780
0.848290
0.863960
0.930460
0.938160
0.921580
0.904580
0.917780
0.908390
0.916890
0.906580
0.886610
0.935000
0.900230
0.866500
0.879650
0.919540
0.915150
0.897500
0.909120
0.924620
0.906800
0.907340
0.865170
0.932410
0.920130
0.918680
0.906720
0.892170
0.910990
0.911290
0.904970
0.916810
0.902560
0.910460
0.897510
0.918720
0.938540
0.913550
0.935250
0.930240
0.867930
0.924280
0.906560
0.889950
0.891760
0.895500
0.942880
0.899520
0.935260
0.928190
0.908000
0.916170
0.922000
0.898810
0.917870
0.918590
0.908280
0.914470
0.948280
0.932570
0.891680
0.921120
0.912330
0.907610
0.909150
0.931810
0.914150
0.931400
0.913070
0.932600
0.923120
0.890320
0.868300
0.894230
0.931800
0.855190
0.896000
0.904350
0.907010
0.886060
0.922900
0.910440
0.912880
0.884910
0.908870
0.923250
0.942020
0.925220
0.927990
0.895740
0.907930
0.899320
0.923070
0.941460
0.880810
0.885080
0.907350
0.898800
0.907320
0.916360
