0.850420
0.907120
0.869060
0.874030
0.863600
0.884890
0.880860
0.873730
0.884180
0.890550
0.875930
0.883380
0.876420
0.864330
0.887910
0.882850
0.895540
0.859200
0.855840
0.910810
0.890450
0.874090
0.871700
0.862590
0.888660
0.901580
0.878740
0.881950
0.860310
0.857200
0.862110
0.876360
0.856670
0.868450
0.888380
0.893120
0.874410
0.869500
0.849920
0.856620
0.875200
0.858400
0.893820
0.852880
0.848110
0.882140
0.862910
0.864030
0.885680
0.887810
0.898040
0.883890
0.847680
0.871270
0.888420
0.891080
0.881280
0.899150
0.886990
0.887520
0.884190
0.839280
0.890530
0.856440
0.905990
0.878630
0.893520
0.901770
0.882360
0.851100
0.872510
0.857230
0.893700
0.882550
0.892920
0.876790
0.881060
0.875270
0.866300
0.870710
0.875190
0.869050
0.885970
0.874950
0.871050
0.893980
0.881420
0.937240
0.874200
0.861980
0.876270
0.887000
0.881660
0.860240
0.880320
0.857510
0.880820
0.881620
0.878500
0.841970
0.857070
0.901880
0.867520
0.868800
0.882790
0.892860
0.880440
0.876320
0.869160
0.872900
0.854030
0.863530
0.905600
0.854260
0.858840
0.839520
0.855340
0.863380
0.845980
0.862980
0.871330
0.874400
0.882670
0.867160
0.847040
0.834030
0.880120
0.897420
0.845700
0.881340
0.883010
0.874810
0.830030
0.868320
0.865860
0.858200
0.850290
0.911420
0.880730
0.865730
0.870720
0.853880
0.840080
0.851850
0.871320
0.883500
0.886120
0.862300
0.886010
0.863690
