0.889430
0.910790
0.892920
0.887230
0.879240
0.899930
0.835650
0.889330
0.911870
0.860000
0.873080
0.905480
0.847450
0.879370
0.882320
0.904410
0.912800
0.891640
0.885050
0.890250
0.896820
0.892440
0.891370
0.876720
0.873170
0.841070
0.890690
0.921850
0.881190
0.880970
0.904030
0.830790
0.919540
0.873860
0.857890
0.898840
0.892410
0.919400
0.896390
0.875030
0.877470
0.889320
0.919840
0.859320
0.913600
0.893780
0.869960
0.849630
0.866620
0.860140
0.881500
0.899390
0.860140
0.851210
0.889940
0.870240
0.864360
0.924040
0.903900
0.905080
0.883750
0.872170
0.921080
0.930650
0.857770
0.872500
0.886250
0.903600
0.889920
0.881360
0.895540
0.882080
0.859990
0.870180
0.872020
0.859110
0.902450
0.912450
0.892730
0.841070
0.890690
0.921850
0.881190
0.880970
0.904030
0.830790
0.919540
0.873860
0.857890
0.898840
0.892410
0.919400
0.896390
0.875030
0.877470
0.889320
0.919840
0.859320
0.913600
0.893780
0.890010
0.870060
0.888650
0.895840
0.809000
0.875410
0.897560
0.870950
0.884970
0.908170
0.829750
0.878660
0.855830
0.879470
0.883270
0.912910
0.885030
0.889460
0.885850
0.873930
0.880330
0.912810
0.903390
0.877690
0.895470
0.886430
0.869400
0.919670
0.839030
0.885890
0.837520
0.911650
0.901370
0.860870
0.872150
0.880240
0.849920
0.932300
0.845540
0.891300
0.867510
0.896310
0.876930
0.885500
0.863710
0.853420
0.915620
0.871190
0.870410
0.861540
