0.890720
0.879530
0.919280
0.887880
0.894740
0.863390
0.909860
0.892720
0.874670
0.891190
0.920660
0.862300
0.882690
0.888520
0.907560
0.912060
0.875130
0.856520
0.846410
0.901630
0.911890
0.871870
0.852690
0.874100
0.838050
0.882600
0.884530
0.887420
0.864780
0.880300
0.905650
0.896880
0.903530
0.922330
0.877750
0.870200
0.877470
0.886580
0.868230
0.894930
0.884000
0.848350
0.872720
0.863620
0.901270
0.874190
0.847400
0.917860
0.839940
0.912750
0.881860
0.891310
0.908850
0.868080
0.830040
0.884580
0.879160
0.886890
0.861490
0.893100
0.892230
0.894940
0.812110
0.852280
0.917390
0.908150
0.916760
0.852570
0.863670
0.879430
0.881470
0.888670
0.902350
0.878510
0.905610
0.882810
0.897520
0.878480
0.888070
0.874630
0.879970
0.843420
0.868030
0.861600
0.880630
0.874910
0.876950
0.875870
0.853120
0.866090
0.905360
0.861510
0.888240
0.901390
0.865320
0.839310
0.859970
0.872390
0.881270
0.895290
0.866070
0.842360
0.907190
0.867970
0.881330
0.871740
0.881250
0.885280
0.886080
0.852480
0.909740
0.904660
0.891140
0.921960
0.880150
0.884450
0.882390
0.859240
0.889920
0.900180
0.867550
0.882030
0.915880
0.866090
0.869490
0.907800
0.869450
0.874760
0.874650
0.885690
0.893960
0.873430
0.904580
0.900970
0.847600
0.863720
0.871570
0.824180
0.904010
0.870340
0.905090
0.893080
0.873820
0.888030
0.863770
0.868780
0.857790
0.899070
0.888230
0.849820
