0.848730
0.846840
0.887680
0.865850
0.870250
0.878440
0.885180
0.884560
0.894370
0.889840
0.903050
0.844520
0.859560
0.885860
0.873410
0.887800
0.867640
0.877950
0.862630
0.889940
0.902170
0.891260
0.881970
0.878590
0.863910
0.864290
0.901050
0.873780
0.858220
0.883970
0.862440
0.873430
0.872260
0.886890
0.867050
0.856470
0.889250
0.880320
0.888470
0.870780
0.884550
0.878470
0.871640
0.893290
0.879040
0.870220
0.869080
0.874780
0.886630
0.884000
0.864840
0.870710
0.857040
0.866910
0.894130
0.892950
0.906840
0.892400
0.886190
0.854070
0.900400
0.863170
0.869670
0.845190
0.876210
0.876800
0.875900
0.867820
0.887150
0.851150
0.886930
0.887910
0.889970
0.867940
0.875310
0.900190
0.875660
0.843290
0.849910
0.877040
0.860130
0.889350
0.866670
0.907630
0.884120
0.849190
0.890870
0.871500
0.887030
0.875480
0.850940
0.890370
0.889500
0.892490
0.896480
0.869970
0.884000
0.888670
0.874780
0.886440
0.860760
0.905440
0.905760
0.908130
0.901530
0.883910
0.878280
0.881150
0.827980
0.884330
0.875660
0.875220
0.851640
0.849310
0.880820
0.891850
0.898250
0.862990
0.853720
0.915620
0.864090
0.864840
0.876230
0.887150
0.873460
0.891520
0.885600
0.890470
0.890510
0.894870
0.825120
0.879020
0.858710
0.869720
0.880740
0.898480
0.888980
0.850480
0.879210
0.861990
0.886420
0.841890
0.895810
0.866380
0.857830
0.883220
0.867880
0.885970
0.862240
0.880170
