0.849110
0.881650
0.864430
0.851880
0.848600
0.897650
0.873160
0.891950
0.878750
0.912770
0.901880
0.902690
0.848890
0.893920
0.876960
0.874870
0.847580
0.873280
0.846130
0.897520
0.846140
0.887440
0.878010
0.871530
0.854730
0.857140
0.867230
0.880870
0.861370
0.880100
0.935520
0.907440
0.876270
0.859890
0.867460
0.912850
0.918960
0.864790
0.843590
0.880510
0.855220
0.890510
0.879080
0.875470
0.871060
0.864440
0.844370
0.826930
0.893610
0.861080
0.813490
0.888120
0.886050
0.889450
0.893770
0.846970
0.892240
0.873680
0.872560
0.899770
0.877580
0.874310
0.836060
0.876850
0.856960
0.855480
0.873980
0.891740
0.852260
0.870510
0.853090
0.834970
0.850880
0.872110
0.852910
0.815460
0.847480
0.884540
0.841400
0.871990
0.858390
0.891430
0.882630
0.874040
0.896100
0.921720
0.890570
0.863340
0.908350
0.839800
0.859710
0.848240
0.845160
0.878840
0.846530
0.901750
0.886340
0.890300
0.867690
0.869890
0.866280
0.897970
0.917960
0.875470
0.871600
0.891340
0.876630
0.829410
0.883180
0.922060
0.898350
0.845670
0.809010
0.838350
0.879680
0.815630
0.856930
0.869800
0.877970
0.847090
0.917710
0.869250
0.867760
0.843920
0.868070
0.865300
0.877160
0.824370
0.849070
0.850790
0.895050
0.846170
0.836720
0.840110
0.913070
0.889020
0.818330
0.861550
0.895190
0.859600
0.873250
0.874120
0.856810
0.844230
0.877740
0.863510
0.856250
0.833130
0.850880
0.895640
