0.885150
0.912160
0.878470
0.877460
0.870370
0.864210
0.894630
0.917600
0.880890
0.897220
0.898120
0.900730
0.858690
0.895000
0.874460
0.850610
0.903080
0.888740
0.888930
0.919400
0.904400
0.894120
0.858200
0.900100
0.906140
0.899720
0.858300
0.907550
0.896710
0.903410
0.910520
0.895970
0.893430
0.872580
0.926330
0.882670
0.883660
0.920730
0.890850
0.889670
0.884010
0.904450
0.889530
0.878720
0.861350
0.870580
0.869670
0.885590
0.872500
0.894800
0.912800
0.893330
0.868200
0.880190
0.898850
0.906600
0.923600
0.879180
0.862430
0.916700
0.883190
0.847220
0.876950
0.898550
0.884900
0.922940
0.896250
0.883830
0.912780
0.862720
0.871640
0.913640
0.882240
0.907530
0.897440
0.897120
0.871000
0.924780
0.918940
0.875060
0.916970
0.881830
0.859650
0.893330
0.855080
0.897460
0.920510
0.891210
0.878750
0.878510
0.891570
0.921220
0.902840
0.897110
0.910700
0.889190
0.878300
0.887660
0.902070
0.867800
0.903860
0.857510
0.884300
0.888470
0.888570
0.888730
0.902080
0.929360
0.896710
0.876220
0.865380
0.885580
0.918570
0.930860
0.892670
0.884760
0.915000
0.898880
0.883170
0.895290
0.912560
0.878430
0.889480
0.900680
0.912030
0.898580
0.879910
0.888810
0.826970
0.859310
0.902950
0.875360
0.875320
0.884860
0.918720
0.915810
0.921950
0.872280
0.888180
0.868600
0.911060
0.894390
0.922750
0.900160
0.880030
0.873240
0.904820
0.872870
0.844710
0.918580
