0.837340
0.841620
0.897310
0.860190
0.882900
0.852300
0.860930
0.869850
0.837820
0.848910
0.825440
0.838130
0.878520
0.846240
0.834010
0.852460
0.868280
0.896210
0.858440
0.857960
0.877010
0.867250
0.857930
0.832520
0.890000
0.902770
0.834760
0.857740
0.866820
0.879130
0.888270
0.847630
0.884580
0.849770
0.890810
0.887810
0.861570
0.860900
0.889220
0.845270
0.912500
0.847880
0.850670
0.871040
0.858380
0.910450
0.875530
0.816080
0.895310
0.875700
0.879850
0.814280
0.900720
0.864830
0.824900
0.858950
0.887040
0.873780
0.890490
0.836740
0.892470
0.809880
0.868430
0.854190
0.894730
0.837180
0.884680
0.826100
0.881560
0.882720
0.844270
0.920430
0.832750
0.822300
0.857210
0.861660
0.873700
0.853390
0.864590
0.881050
0.863070
0.868810
0.880500
0.831050
0.855000
0.868580
0.878760
0.876140
0.852270
0.855710
0.805650
0.833640
0.863850
0.876610
0.870770
0.856640
0.838170
0.895160
0.885620
0.875200
0.807570
0.881290
0.876720
0.901200
0.882440
0.874500
0.825310
0.830260
0.890610
0.861360
0.844180
0.889920
0.893980
0.861680
0.882890
0.874600
0.862970
0.873230
0.820530
0.860710
0.837320
0.887660
0.885770
0.844490
0.863710
0.859040
0.870770
0.825720
0.831580
0.866970
0.804970
0.857580
0.885470
0.876290
0.841750
0.905570
0.847070
0.846300
0.866210
0.847960
0.841480
0.868250
0.877140
0.881510
0.891430
0.858160
0.893590
0.880640
0.838310
0.900310
