0.888430
0.888710
0.903170
0.854550
0.898190
0.879130
0.868770
0.928500
0.917570
0.890350
0.861020
0.899110
0.912270
0.849990
0.886390
0.920520
0.892520
0.904110
0.899600
0.891280
0.892930
0.919120
0.872420
0.929340
0.917390
0.909870
0.851010
0.899920
0.880450
0.870700
0.893190
0.907250
0.906520
0.874720
0.916050
0.875390
0.876800
0.898820
0.907570
0.890740
0.917730
0.913010
0.849580
0.862590
0.899830
0.897400
0.905180
0.919080
0.887180
0.885560
0.889490
0.888130
0.876260
0.867900
0.872720
0.887750
0.900250
0.885850
0.876840
0.890320
0.870360
0.887570
0.894250
0.900720
0.911520
0.897860
0.904590
0.888030
0.864630
0.925800
0.899780
0.886270
0.893610
0.883760
0.893740
0.884440
0.849710
0.878280
0.909560
0.879800
0.901270
0.920470
0.878070
0.887330
0.926630
0.891360
0.912630
0.922420
0.905130
0.876200
0.876040
0.916870
0.906320
0.891010
0.899270
0.913930
0.870010
0.889850
0.879030
0.918410
0.915370
0.875840
0.855360
0.904750
0.871110
0.869700
0.865980
0.886410
0.891460
0.910780
0.893970
0.878160
0.914790
0.916090
0.945920
0.880540
0.874460
0.903120
0.858050
0.885840
0.901840
0.900600
0.902700
0.856070
0.893880
0.929210
0.917690
0.888850
0.848240
0.895230
0.920780
0.898070
0.898420
0.866720
0.903200
0.873760
0.921220
0.925560
0.821970
0.925510
0.867100
0.905670
0.885590
0.921780
0.888390
0.901560
0.881580
0.911580
0.885450
0.900530
