0.843650
0.875800
0.834960
0.846620
0.874300
0.870560
0.829290
0.897440
0.855270
0.876930
0.843410
0.866500
0.859810
0.873760
0.858880
0.871340
0.874770
0.825740
0.877710
0.860680
0.872900
0.872570
0.851270
0.878330
0.836170
0.851770
0.903740
0.830150
0.883840
0.865620
0.883460
0.899280
0.851550
0.913970
0.831450
0.860880
0.896650
0.875500
0.906230
0.870340
0.888220
0.854230
0.900660
0.871050
0.890320
0.887590
0.863600
0.899690
0.882910
0.888630
0.859240
0.861030
0.890030
0.876020
0.842020
0.897560
0.900250
0.865010
0.878190
0.926090
0.869900
0.876250
0.927250
0.850130
0.851080
0.874290
0.903240
0.882920
0.843640
0.884090
0.839910
0.872160
0.834110
0.894540
0.855140
0.864660
0.898180
0.881920
0.872400
0.902270
0.885920
0.905570
0.895370
0.889490
0.829530
0.882850
0.900470
0.880720
0.853870
0.877600
0.824350
0.854740
0.879580
0.927360
0.888910
0.898320
0.872840
0.914330
0.901000
0.866240
0.871930
0.887250
0.894120
0.905730
0.921410
0.906940
0.843870
0.858110
0.893710
0.910830
0.887930
0.891680
0.876410
0.857960
0.879140
0.879290
0.871120
0.887120
0.910470
0.900510
0.891980
0.832560
0.894970
0.876750
0.887920
0.879840
0.854360
0.851930
0.913460
0.843370
0.894020
0.858220
0.865720
0.870910
0.864150
0.884220
0.873650
0.842230
0.859470
0.851590
0.853880
0.862170
0.875590
0.894600
0.856240
0.875280
0.903000
0.883400
0.883810
0.856680
