0.755954
0.758551
0.752423
0.752650
0.735227
0.754658
0.746328
0.756334
0.755426
0.781320
0.755349
0.740242
0.727507
0.748638
0.738061
0.730335
0.728301
0.759608
0.728904
0.739472
0.755303
0.731787
0.741602
0.738954
0.746617
0.755206
0.748611
0.742721
0.748076
0.737094
0.747316
0.755537
0.732681
0.745384
0.759943
0.761069
0.760485
0.762087
0.744008
0.744701
0.766253
0.747615
0.733095
0.743476
0.764181
0.764890
0.744506
0.732531
0.751928
0.708311
0.750102
0.742405
0.771753
0.771712
0.771322
0.744529
0.748367
0.741568
0.744974
0.753378
0.766800
0.750849
0.729656
0.737803
0.771658
0.739211
0.729236
0.753358
0.759600
0.760748
0.725552
0.735838
0.751448
0.741017
0.754056
0.755728
0.739985
0.737565
0.737092
0.745586
0.731386
0.731289
0.747990
0.771405
0.720839
0.747985
0.745927
0.758500
0.748756
0.776837
0.735921
0.733838
0.736003
0.752039
0.767502
0.775109
0.740877
0.741345
0.765015
0.734198
0.747541
0.724682
0.765274
0.726680
0.750450
0.760130
0.733862
0.766230
0.736533
0.745940
0.757079
0.728291
0.728646
0.704820
0.760692
0.743245
0.756650
0.735810
0.751203
0.743467
0.742972
0.726247
0.756143
0.767348
0.734649
0.738094
0.746961
0.737153
0.747681
0.759586
0.737304
0.733292
0.754246
0.760061
0.734290
0.780721
0.746513
0.748676
0.758769
0.766887
0.773379
0.718372
0.742870
0.720320
0.747754
0.775106
0.727346
0.730561
0.759868
0.759204
