0.756741
0.752372
0.713717
0.748009
0.741622
0.764202
0.734439
0.719679
0.707123
0.735160
0.733510
0.726374
0.738745
0.760662
0.722330
0.749352
0.751792
0.731034
0.744750
0.722139
0.716714
0.724922
0.742132
0.742047
0.740132
0.750150
0.765881
0.736725
0.742450
0.708291
0.737452
0.744744
0.726615
0.750192
0.725658
0.728151
0.754215
0.737423
0.726125
0.750979
0.725993
0.729235
0.760872
0.750947
0.736083
0.748324
0.755198
0.748471
0.744115
0.746014
0.750119
0.733880
0.726699
0.743345
0.724832
0.748363
0.766296
0.733850
0.726192
0.745191
0.743080
0.763818
0.746861
0.716571
0.747240
0.734746
0.734514
0.740415
0.755455
0.735951
0.714043
0.733454
0.732354
0.732096
0.741821
0.738002
0.739825
0.735638
0.723558
0.719097
0.720431
0.778259
0.742705
0.748464
0.721020
0.758322
0.741299
0.752695
0.740229
0.738092
0.744818
0.737564
0.722154
0.739578
0.727778
0.706332
0.741150
0.761007
0.734581
0.730788
0.746107
0.739454
0.744370
0.732171
0.734881
0.740330
0.739675
0.744788
0.743301
0.752296
0.741298
0.716071
0.723088
0.732670
0.738742
0.741842
0.726460
0.727337
0.739513
0.732898
0.722250
0.724244
0.740561
0.738668
0.727604
0.731164
0.733524
0.760849
0.736645
0.727065
0.739102
0.732877
0.735883
0.734669
0.740785
0.756768
0.744812
0.728307
0.757143
0.728943
0.758765
0.760327
0.753554
0.756403
0.730681
0.747690
0.749260
0.713513
0.751997
0.725154
