0.776575
0.739363
0.766492
0.730708
0.742268
0.733181
0.760219
0.749790
0.767183
0.729149
0.750393
0.756413
0.746459
0.750948
0.761664
0.756339
0.739349
0.730424
0.747402
0.756838
0.767275
0.767894
0.738047
0.744709
0.723217
0.759999
0.756458
0.752583
0.747095
0.718959
0.719926
0.716813
0.753331
0.733009
0.737746
0.738568
0.773536
0.761719
0.740540
0.731540
0.756276
0.744158
0.747201
0.743935
0.746235
0.772102
0.723808
0.738105
0.775606
0.779751
0.746142
0.755919
0.732086
0.753043
0.746556
0.762476
0.750831
0.737102
0.748640
0.739969
0.742893
0.729000
0.730081
0.745569
0.737209
0.763510
0.755532
0.718036
0.711743
0.738372
0.747447
0.723662
0.777030
0.736939
0.745235
0.748912
0.737057
0.747035
0.744141
0.744817
0.746241
0.755242
0.748398
0.773505
0.762039
0.767039
0.752775
0.741138
0.750383
0.758506
0.753162
0.754329
0.753108
0.709585
0.743372
0.740283
0.758223
0.733380
0.732417
0.744937
0.771147
0.764913
0.749601
0.713085
0.759930
0.733639
0.739460
0.752847
0.730318
0.769606
0.737817
0.741401
0.751093
0.774906
0.751388
0.742766
0.754600
0.728819
0.746208
0.734388
0.756854
0.744813
0.734942
0.738838
0.756220
0.723531
0.754537
0.741301
0.745646
0.757727
0.744136
0.745417
0.783139
0.766391
0.743920
0.729212
0.719336
0.739833
0.738372
0.736573
0.754839
0.709202
0.744086
0.731768
0.747541
0.781269
0.757361
0.761885
0.734416
0.745127
