0.719552
0.706190
0.731707
0.748869
0.722324
0.714904
0.733614
0.725374
0.704261
0.728763
0.746932
0.720033
0.736139
0.756557
0.731262
0.695236
0.711588
0.714344
0.738487
0.738777
0.721861
0.705532
0.755928
0.724851
0.729821
0.730847
0.745614
0.746476
0.731918
0.720031
0.744875
0.738839
0.690752
0.737267
0.714327
0.724455
0.744363
0.685097
0.713314
0.731804
0.745998
0.752066
0.731272
0.762196
0.749980
0.724334
0.700895
0.730755
0.709215
0.746296
0.748000
0.713549
0.737142
0.740589
0.717716
0.706353
0.709264
0.706430
0.722796
0.716944
0.735028
0.750546
0.716981
0.726475
0.742671
0.725147
0.752714
0.734712
0.740129
0.752311
0.734310
0.724408
0.711974
0.763635
0.748226
0.714999
0.743405
0.732068
0.736377
0.739489
0.716100
0.735953
0.733313
0.739458
0.722459
0.738061
0.733113
0.747076
0.740776
0.724885
0.735784
0.727045
0.717231
0.755137
0.751914
0.734695
0.737940
0.731661
0.729394
0.751577
0.723868
0.748707
0.743590
0.750892
0.723946
0.764855
0.755050
0.717577
0.733598
0.735749
0.745297
0.737118
0.711901
0.755568
0.715803
0.738065
0.717388
0.726502
0.740459
0.743807
0.732819
0.733777
0.742669
0.752491
0.736436
0.734800
0.776284
0.730400
0.747714
0.739054
0.747972
0.744681
0.733595
0.754984
0.705298
0.720091
0.752777
0.722510
0.746495
0.747485
0.755015
0.744356
0.734028
0.748234
0.739437
0.731807
0.731410
0.737526
0.737652
0.726965
