0.744234
0.755214
0.734958
0.748531
0.726885
0.750655
0.742455
0.732834
0.748744
0.759660
0.743997
0.754724
0.733664
0.722487
0.766343
0.728095
0.769954
0.748511
0.749783
0.755061
0.744847
0.745872
0.751770
0.742997
0.750970
0.747160
0.755939
0.749498
0.738227
0.746898
0.740618
0.737846
0.750970
0.763246
0.741851
0.764152
0.749655
0.733204
0.737565
0.745061
0.743568
0.773315
0.747809
0.763844
0.746673
0.760259
0.760710
0.728134
0.723395
0.745138
0.738840
0.757776
0.764998
0.756830
0.757227
0.762187
0.737580
0.752432
0.739404
0.738198
0.764889
0.736403
0.756646
0.734348
0.749245
0.727048
0.756664
0.748363
0.764742
0.745792
0.770790
0.762497
0.743630
0.741869
0.763822
0.731754
0.747234
0.761568
0.730328
0.735966
0.750677
0.746171
0.758298
0.776002
0.764575
0.736130
0.745119
0.759438
0.747872
0.722321
0.753945
0.740778
0.742033
0.751484
0.751191
0.756070
0.737139
0.747319
0.748868
0.765615
0.759065
0.743871
0.756538
0.750733
0.729088
0.740057
0.737469
0.754763
0.756450
0.727166
0.753308
0.762973
0.730275
0.741986
0.755580
0.741566
0.745477
0.731453
0.732282
0.749222
0.756217
0.765660
0.751315
0.773733
0.754121
0.752138
0.760445
0.744261
0.776908
0.752202
0.762391
0.742629
0.744516
0.762819
0.761745
0.763026
0.744126
0.746068
0.744728
0.753006
0.749061
0.736445
0.736120
0.745673
0.755498
0.755297
0.753811
0.738125
0.752498
0.740785
