0.707483
0.747561
0.724026
0.755021
0.769148
0.774698
0.745331
0.750582
0.737592
0.741788
0.733941
0.729240
0.734472
0.733955
0.736102
0.730729
0.744825
0.744792
0.732874
0.737198
0.755044
0.764969
0.759415
0.749388
0.735952
0.733802
0.730856
0.751600
0.714413
0.733796
0.748226
0.735344
0.715823
0.708456
0.751830
0.766265
0.747529
0.738843
0.719355
0.737805
0.758893
0.720453
0.729791
0.725694
0.731142
0.757905
0.753312
0.757207
0.761394
0.735227
0.751303
0.754257
0.739863
0.762985
0.728561
0.739287
0.754846
0.774401
0.747758
0.740719
0.751785
0.739270
0.748531
0.734260
0.737519
0.743363
0.730217
0.722030
0.735925
0.751221
0.722957
0.748840
0.772266
0.768766
0.755839
0.755515
0.757193
0.726607
0.740188
0.731745
0.735543
0.745138
0.729756
0.755023
0.736983
0.712086
0.735195
0.729145
0.733186
0.728331
0.748018
0.736159
0.738064
0.733544
0.753605
0.738466
0.748024
0.751864
0.773094
0.749755
0.742446
0.731186
0.709965
0.734802
0.739065
0.740024
0.767353
0.737870
0.762913
0.733998
0.751420
0.755484
0.789468
0.748706
0.755528
0.755253
0.732145
0.724798
0.740731
0.744654
0.716832
0.762551
0.727144
0.746901
0.745065
0.789295
0.761613
0.748011
0.749508
0.739404
0.767508
0.746231
0.729403
0.760424
0.739264
0.738047
0.746105
0.741408
0.752941
0.747743
0.762624
0.735940
0.730246
0.748188
0.782889
0.743460
0.723018
0.762659
0.738006
0.771470
