0.722151
0.734108
0.737357
0.718048
0.742779
0.706948
0.750104
0.701001
0.731721
0.711001
0.738140
0.715674
0.719924
0.741365
0.735245
0.708993
0.748811
0.757612
0.723056
0.741623
0.742705
0.737717
0.724649
0.722200
0.724941
0.720462
0.730455
0.729316
0.739451
0.757872
0.732380
0.714794
0.745921
0.723276
0.739469
0.723993
0.717038
0.724358
0.720244
0.742212
0.734852
0.717128
0.729605
0.737606
0.703275
0.721429
0.743722
0.706512
0.729535
0.723908
0.721949
0.715503
0.730771
0.756462
0.722499
0.744193
0.732060
0.751792
0.723147
0.708445
0.735325
0.722776
0.741187
0.722031
0.743261
0.718703
0.709464
0.703313
0.724299
0.728836
0.741357
0.756420
0.715543
0.733226
0.720498
0.730549
0.714840
0.712193
0.758716
0.754060
0.708919
0.720224
0.702721
0.732330
0.728865
0.715674
0.720068
0.742023
0.739398
0.724317
0.715046
0.727948
0.711839
0.729965
0.722913
0.745557
0.705396
0.731539
0.731285
0.711004
0.728583
0.740702
0.729602
0.712216
0.753320
0.736430
0.748113
0.719527
0.741299
0.730278
0.729168
0.745848
0.746552
0.730058
0.743313
0.719338
0.746857
0.728030
0.708127
0.725656
0.725576
0.709756
0.744608
0.737194
0.720244
0.720525
0.719480
0.718260
0.733418
0.732283
0.721125
0.741557
0.745929
0.727937
0.725439
0.733956
0.714010
0.739276
0.730513
0.710350
0.717057
0.724959
0.726106
0.746236
0.720639
0.718951
0.713037
0.745839
0.733770
0.724701
