0.741548
0.750330
0.737453
0.735988
0.759942
0.742320
0.724354
0.725317
0.727215
0.724100
0.742089
0.748725
0.735553
0.707040
0.744019
0.713380
0.712762
0.727099
0.743469
0.736878
0.734100
0.760025
0.729741
0.722836
0.706555
0.733165
0.727838
0.741694
0.724117
0.722020
0.732731
0.728894
0.761353
0.709886
0.711564
0.735238
0.765942
0.734198
0.747698
0.727736
0.745325
0.728498
0.729891
0.743759
0.732783
0.717491
0.709155
0.744820
0.731967
0.739372
0.740348
0.753634
0.744662
0.716991
0.736528
0.720074
0.715992
0.713978
0.716905
0.732296
0.727694
0.772106
0.716896
0.715770
0.732484
0.732715
0.737109
0.745010
0.747736
0.739204
0.722528
0.727996
0.724448
0.732444
0.735451
0.741560
0.752528
0.755209
0.731770
0.731495
0.742010
0.726008
0.730821
0.722820
0.750360
0.743622
0.715431
0.711633
0.718446
0.738378
0.758482
0.751560
0.748350
0.721710
0.743998
0.731552
0.748019
0.722811
0.728370
0.734531
0.705961
0.745311
0.734889
0.729168
0.734686
0.719649
0.715846
0.751606
0.730309
0.701772
0.741672
0.729818
0.735516
0.728862
0.734594
0.718941
0.735484
0.723109
0.738757
0.732995
0.735685
0.735286
0.724143
0.714184
0.725753
0.738672
0.749095
0.740192
0.730689
0.714978
0.733831
0.741757
0.731002
0.743426
0.720588
0.724430
0.716319
0.714354
0.745242
0.714583
0.708084
0.736828
0.750253
0.735634
0.740912
0.759221
0.718847
0.729248
0.741187
0.730085
