0.794915
0.810862
0.767406
0.784962
0.780049
0.772848
0.770182
0.763316
0.793929
0.791073
0.788198
0.745760
0.793842
0.760701
0.775020
0.770109
0.773618
0.755071
0.774454
0.782458
0.765167
0.793982
0.776021
0.786235
0.777535
0.784041
0.748404
0.761483
0.790087
0.774018
0.773890
0.796908
0.783792
0.758068
0.801115
0.774052
0.778747
0.786223
0.782213
0.780544
0.754848
0.778636
0.755090
0.768181
0.767725
0.787417
0.778559
0.780620
0.773213
0.777803
0.762533
0.787499
0.760338
0.766800
0.772988
0.764712
0.784708
0.780903
0.765612
0.774231
0.785144
0.779070
0.785818
0.793362
0.785510
0.758294
0.777042
0.780957
0.761910
0.756331
0.796055
0.768098
0.761689
0.768299
0.764126
0.769486
0.793152
0.777323
0.795920
0.763908
0.783202
0.764648
0.794823
0.766960
0.766365
0.777721
0.763237
0.782167
0.766695
0.767845
0.764764
0.775264
0.778575
0.787514
0.764252
0.784868
0.785282
0.766924
0.772079
0.767121
0.770712
0.759899
0.780085
0.779770
0.769788
0.791905
0.773835
0.776314
0.790656
0.777569
0.770797
0.769898
0.756049
0.768161
0.779827
0.767727
0.746126
0.772196
0.769887
0.779330
0.782732
0.785673
0.769040
0.772027
0.776985
0.778090
0.770479
0.769263
0.775992
0.777235
0.777538
0.776860
0.785972
0.774867
0.749348
0.757011
0.772314
0.788390
0.771852
0.781203
0.794474
0.802883
0.770136
0.777478
0.783412
0.767979
0.775904
0.787147
0.741681
0.755926
