0.750837
0.732082
0.724298
0.709997
0.753513
0.742959
0.735208
0.744911
0.747443
0.741793
0.736563
0.748954
0.733130
0.758257
0.739276
0.712411
0.748986
0.737837
0.724058
0.740061
0.741643
0.745715
0.744759
0.735965
0.747283
0.735908
0.760781
0.782368
0.728629
0.731867
0.739299
0.727765
0.755493
0.725535
0.740385
0.748486
0.716751
0.768802
0.757352
0.740677
0.736072
0.752489
0.768738
0.752021
0.727636
0.746552
0.740287
0.738369
0.746680
0.736608
0.736487
0.739754
0.735871
0.736105
0.728817
0.726408
0.724931
0.733933
0.740655
0.746851
0.737282
0.737179
0.741063
0.752506
0.757394
0.724525
0.741714
0.750377
0.730988
0.750910
0.749654
0.727880
0.724825
0.744348
0.744790
0.742395
0.754448
0.748134
0.743298
0.735908
0.760781
0.782368
0.728629
0.731867
0.739299
0.727765
0.755493
0.725535
0.740385
0.748486
0.716751
0.768802
0.757352
0.740677
0.736072
0.752489
0.768738
0.752021
0.727636
0.746552
0.740850
0.735066
0.738733
0.753763
0.739965
0.732201
0.751026
0.732608
0.768822
0.749487
0.712899
0.723457
0.728139
0.743100
0.725638
0.751090
0.753156
0.755852
0.754229
0.741581
0.740120
0.734221
0.754552
0.746530
0.722072
0.739732
0.730202
0.739430
0.743179
0.748821
0.747987
0.739805
0.744271
0.744597
0.754311
0.737850
0.748206
0.752409
0.729622
0.740110
0.755139
0.760852
0.730697
0.752225
0.722716
0.728681
0.735616
0.746841
0.714362
0.743909
