0.721540
0.724586
0.721963
0.704175
0.715045
0.734130
0.735503
0.718942
0.733836
0.717514
0.725306
0.733023
0.724391
0.739609
0.750056
0.705792
0.722641
0.709223
0.736552
0.733843
0.734498
0.714745
0.741387
0.727985
0.712769
0.750623
0.727952
0.731754
0.748026
0.730597
0.731398
0.743267
0.754140
0.706269
0.734354
0.743057
0.741559
0.728164
0.726704
0.729794
0.718483
0.741607
0.711186
0.716507
0.747185
0.742772
0.719417
0.718938
0.733766
0.743383
0.713140
0.719326
0.726489
0.727203
0.714950
0.724732
0.740497
0.730696
0.704632
0.720412
0.757084
0.730041
0.712135
0.729782
0.742804
0.728308
0.724724
0.746711
0.738595
0.709375
0.730509
0.726661
0.725863
0.752564
0.721029
0.701177
0.730184
0.736705
0.696084
0.727525
0.713307
0.737398
0.728615
0.727770
0.728493
0.737480
0.745128
0.724481
0.731595
0.712314
0.728799
0.713625
0.714894
0.717205
0.713693
0.717057
0.726236
0.740442
0.735496
0.716594
0.734236
0.723119
0.714070
0.747517
0.717571
0.746552
0.715350
0.728846
0.718576
0.748436
0.755986
0.727905
0.701653
0.724283
0.697826
0.703790
0.724732
0.710510
0.725098
0.733993
0.755842
0.711658
0.735810
0.744796
0.732621
0.719906
0.726151
0.722532
0.724169
0.715123
0.729050
0.717118
0.714353
0.710364
0.718521
0.722856
0.730520
0.729126
0.728761
0.745479
0.735775
0.722127
0.739567
0.724573
0.708909
0.739681
0.734473
0.706727
0.727092
0.711376
