0.759967
0.748608
0.726556
0.762613
0.756190
0.744832
0.766638
0.750015
0.748187
0.770527
0.766072
0.776946
0.762394
0.765082
0.768190
0.755560
0.757545
0.768857
0.733573
0.753756
0.760340
0.773127
0.756630
0.734239
0.778203
0.751878
0.762377
0.759350
0.758736
0.745991
0.760689
0.747853
0.753655
0.758507
0.761215
0.776285
0.752600
0.765252
0.735652
0.753759
0.780478
0.758706
0.738653
0.756566
0.756167
0.766746
0.764636
0.739269
0.746903
0.742358
0.759799
0.762581
0.763575
0.757340
0.748152
0.742060
0.748019
0.772098
0.771115
0.748674
0.764064
0.758071
0.755592
0.753361
0.765769
0.744909
0.753589
0.753837
0.748275
0.758422
0.752577
0.766355
0.765136
0.765358
0.733642
0.762688
0.775604
0.736292
0.773509
0.759734
0.765175
0.764339
0.759603
0.751252
0.768584
0.740212
0.755436
0.772311
0.752517
0.755590
0.756670
0.772179
0.774005
0.758543
0.751463
0.752377
0.748528
0.761256
0.777343
0.745267
0.758501
0.758702
0.757155
0.762513
0.768794
0.758059
0.771042
0.746467
0.737375
0.726781
0.758871
0.758914
0.772049
0.746491
0.762302
0.748239
0.749792
0.757388
0.769873
0.765047
0.758332
0.746191
0.751574
0.756014
0.749066
0.739043
0.774925
0.761212
0.748870
0.768594
0.737579
0.757906
0.731451
0.754693
0.758743
0.759225
0.771494
0.765027
0.751393
0.751383
0.760172
0.753091
0.746395
0.749775
0.757317
0.756804
0.762704
0.761077
0.765024
0.767681
