0.733178
0.736458
0.724479
0.754008
0.751753
0.723849
0.741257
0.760330
0.718848
0.744654
0.747730
0.751972
0.716326
0.757971
0.737362
0.717370
0.720114
0.767212
0.755747
0.731831
0.753254
0.724949
0.744991
0.734957
0.777450
0.728451
0.740608
0.716892
0.742520
0.733171
0.758901
0.739561
0.728794
0.719954
0.740186
0.725081
0.733705
0.721169
0.770980
0.735531
0.759736
0.733273
0.729209
0.730164
0.742895
0.741817
0.750736
0.731975
0.743802
0.732345
0.744747
0.733872
0.733874
0.732466
0.737532
0.756397
0.722367
0.737024
0.740605
0.742281
0.734042
0.744683
0.748791
0.756738
0.760384
0.732085
0.726025
0.742518
0.764110
0.732419
0.736081
0.742400
0.742728
0.743832
0.737717
0.745147
0.735439
0.722501
0.719514
0.738701
0.738607
0.709571
0.767933
0.736263
0.725913
0.749452
0.752311
0.735916
0.718609
0.727744
0.730383
0.729894
0.757117
0.758699
0.714150
0.759398
0.751344
0.743969
0.743590
0.738954
0.737030
0.714046
0.737289
0.751142
0.764180
0.751308
0.714955
0.741586
0.728609
0.736166
0.733905
0.747274
0.743092
0.725908
0.717118
0.746980
0.739887
0.728391
0.728569
0.722222
0.728356
0.748829
0.734065
0.736782
0.763747
0.704346
0.737461
0.743418
0.711630
0.753171
0.734552
0.764163
0.746878
0.730092
0.733351
0.718217
0.746508
0.730101
0.739251
0.753165
0.738753
0.752996
0.741426
0.742929
0.723481
0.763210
0.728857
0.735857
0.768126
0.754766
