0.785888
0.808474
0.775054
0.799396
0.794671
0.819521
0.808710
0.793343
0.781181
0.776417
0.792844
0.786694
0.798699
0.798113
0.789319
0.797508
0.779059
0.782018
0.811963
0.795976
0.798672
0.779777
0.787178
0.792653
0.802154
0.772072
0.780615
0.767870
0.805404
0.813949
0.782693
0.799669
0.804616
0.773340
0.799329
0.792861
0.781332
0.777880
0.792661
0.782137
0.791643
0.787369
0.796827
0.786511
0.782916
0.792995
0.783316
0.770944
0.820596
0.798330
0.794551
0.812437
0.769837
0.762914
0.785779
0.791592
0.783828
0.786451
0.789159
0.791615
0.792602
0.803764
0.792526
0.777053
0.792048
0.800054
0.780669
0.782060
0.810662
0.789549
0.771434
0.768230
0.782473
0.779349
0.803942
0.791792
0.791072
0.792461
0.809941
0.766955
0.792554
0.787244
0.765658
0.802932
0.809552
0.794958
0.789569
0.786903
0.794249
0.787513
0.772286
0.804820
0.786160
0.799002
0.799013
0.782274
0.786595
0.804860
0.804289
0.804129
0.773354
0.772521
0.807739
0.796007
0.782350
0.801452
0.812648
0.788452
0.780188
0.778020
0.786502
0.789585
0.783360
0.796679
0.795650
0.775277
0.791669
0.794929
0.805314
0.796326
0.759170
0.785456
0.809607
0.783366
0.789398
0.788858
0.801063
0.795904
0.799163
0.782980
0.794817
0.822594
0.805584
0.790369
0.783641
0.802171
0.782870
0.775518
0.777522
0.804591
0.766810
0.798366
0.785368
0.814358
0.772096
0.810363
0.776820
0.790278
0.777399
0.781157
