0.739416
0.735841
0.754722
0.731031
0.746632
0.749111
0.763062
0.746998
0.755608
0.770389
0.725870
0.757463
0.762803
0.735083
0.757699
0.760960
0.727255
0.736321
0.765222
0.735884
0.760100
0.748349
0.730947
0.745298
0.761144
0.748465
0.731969
0.742149
0.752288
0.721585
0.756245
0.734731
0.769694
0.747615
0.740402
0.743312
0.755730
0.749143
0.745624
0.730698
0.756915
0.763379
0.753109
0.738244
0.743245
0.756816
0.726165
0.759787
0.741557
0.762424
0.747065
0.739212
0.739235
0.753121
0.752957
0.742341
0.765723
0.747802
0.732464
0.764188
0.744407
0.735413
0.777552
0.752221
0.765800
0.761111
0.752450
0.746856
0.730176
0.752884
0.750169
0.753574
0.768260
0.760907
0.730652
0.751439
0.749736
0.742856
0.736639
0.738241
0.764389
0.761624
0.755065
0.754873
0.766302
0.749030
0.739677
0.742730
0.730811
0.734184
0.741333
0.742724
0.751677
0.751331
0.759042
0.774626
0.751756
0.746992
0.744077
0.741867
0.753140
0.758554
0.742102
0.768702
0.741752
0.737840
0.720798
0.751849
0.712411
0.760336
0.740501
0.737484
0.761299
0.757247
0.770222
0.755533
0.771648
0.751372
0.727193
0.775356
0.739672
0.730315
0.769002
0.747250
0.762397
0.739500
0.758283
0.743551
0.716406
0.756947
0.737531
0.742998
0.752794
0.733810
0.752911
0.713688
0.742978
0.762596
0.729906
0.749086
0.716209
0.709516
0.757207
0.721983
0.750530
0.764866
0.744557
0.753095
0.760257
0.740364
