0.754849
0.722794
0.741447
0.740846
0.753030
0.743029
0.750951
0.762954
0.719854
0.750317
0.727560
0.739837
0.753053
0.747213
0.726527
0.740816
0.724451
0.741196
0.733486
0.730489
0.744956
0.750980
0.746417
0.739441
0.741426
0.742938
0.745791
0.756089
0.727898
0.729106
0.726138
0.728709
0.756053
0.736895
0.750038
0.733769
0.752448
0.734855
0.739486
0.740956
0.731026
0.745874
0.777699
0.745680
0.775228
0.755408
0.734661
0.733527
0.722946
0.754070
0.746676
0.738147
0.737954
0.735240
0.753340
0.755963
0.745008
0.757066
0.739958
0.724845
0.747532
0.743429
0.763693
0.742301
0.752309
0.756953
0.751734
0.742693
0.757453
0.734756
0.761508
0.757153
0.747103
0.732852
0.755844
0.752716
0.749363
0.757073
0.742724
0.741141
0.744639
0.739502
0.735821
0.739853
0.752894
0.762338
0.734766
0.750645
0.746554
0.754315
0.740137
0.768000
0.762253
0.740395
0.750846
0.752689
0.742752
0.743940
0.713988
0.753307
0.751670
0.731828
0.755142
0.757727
0.747720
0.742030
0.757561
0.743572
0.731813
0.717000
0.719188
0.746391
0.743993
0.747247
0.723871
0.750915
0.750787
0.738927
0.746935
0.771632
0.750023
0.727738
0.753363
0.738892
0.763096
0.742700
0.745310
0.742836
0.781344
0.741529
0.745351
0.768923
0.746159
0.739811
0.743752
0.763917
0.749942
0.747589
0.759798
0.747063
0.747885
0.728860
0.717937
0.758862
0.741798
0.718133
0.729338
0.761097
0.745515
0.751368
