0.771832
0.772554
0.793412
0.781365
0.776282
0.769677
0.757540
0.760924
0.759748
0.795782
0.784515
0.763282
0.793829
0.768182
0.745144
0.766494
0.765379
0.776692
0.759550
0.776405
0.775641
0.765457
0.776471
0.772476
0.751020
0.757029
0.779376
0.756091
0.757672
0.756125
0.790605
0.752164
0.763971
0.759846
0.759923
0.772125
0.773218
0.782447
0.773295
0.774430
0.776573
0.766605
0.790775
0.776779
0.763103
0.751086
0.771335
0.781971
0.779716
0.751794
0.771214
0.767702
0.776891
0.758497
0.780953
0.755636
0.764599
0.742210
0.767273
0.770529
0.801763
0.770836
0.763281
0.766248
0.755234
0.769316
0.785584
0.774856
0.792113
0.769183
0.771724
0.758675
0.782339
0.766994
0.753529
0.770507
0.767567
0.760283
0.751763
0.767974
0.771001
0.766360
0.784050
0.763641
0.751572
0.776703
0.763077
0.779404
0.770167
0.777947
0.758017
0.754712
0.773975
0.769591
0.778920
0.760241
0.757672
0.780007
0.754394
0.770616
0.774076
0.758066
0.768871
0.776158
0.769991
0.790091
0.766645
0.780206
0.771821
0.757292
0.762774
0.767353
0.753226
0.780108
0.774410
0.773847
0.781873
0.763755
0.744408
0.781243
0.782387
0.742550
0.771691
0.761155
0.794237
0.769122
0.781878
0.771698
0.756122
0.767289
0.774192
0.785896
0.770506
0.784182
0.751202
0.777840
0.792689
0.778004
0.789707
0.772875
0.775983
0.773239
0.773830
0.762576
0.771796
0.764373
0.793511
0.774958
0.771102
0.772632
