0.769018
0.742911
0.724507
0.739160
0.756256
0.741723
0.749776
0.743120
0.723839
0.728277
0.748259
0.752805
0.753943
0.752418
0.741648
0.737996
0.744882
0.761349
0.743268
0.729605
0.742924
0.748175
0.765230
0.747340
0.744280
0.761575
0.766200
0.746892
0.743283
0.737882
0.751855
0.744566
0.758601
0.763676
0.746737
0.740749
0.754874
0.755934
0.748662
0.744514
0.741048
0.749131
0.718666
0.758322
0.742100
0.741638
0.751126
0.730666
0.729202
0.751060
0.748457
0.755786
0.736817
0.761695
0.751609
0.741620
0.755157
0.765768
0.774756
0.727313
0.747979
0.733128
0.757645
0.747925
0.738378
0.731982
0.736803
0.737180
0.740987
0.749734
0.760984
0.753043
0.755498
0.751864
0.748614
0.765392
0.755903
0.761590
0.746841
0.729903
0.745379
0.752568
0.726766
0.752580
0.745826
0.754517
0.762988
0.759771
0.756068
0.742639
0.776590
0.756193
0.755401
0.753338
0.752921
0.754235
0.744465
0.760861
0.734965
0.756440
0.741823
0.760365
0.761070
0.752572
0.732063
0.770279
0.747555
0.764542
0.748930
0.748413
0.741300
0.734923
0.739312
0.735236
0.754744
0.760009
0.749610
0.741045
0.746322
0.767744
0.737269
0.735722
0.750270
0.736756
0.748243
0.744428
0.747684
0.748281
0.736438
0.748107
0.770900
0.771766
0.740053
0.749795
0.747265
0.742000
0.744320
0.743265
0.757879
0.750405
0.729908
0.754951
0.751305
0.754486
0.752671
0.774948
0.737077
0.757411
0.741981
0.768427
