0.717523
0.741554
0.745733
0.727839
0.752010
0.727029
0.734954
0.715476
0.744809
0.757629
0.753756
0.720688
0.748089
0.734581
0.723312
0.740330
0.762411
0.754547
0.709493
0.730714
0.740967
0.728559
0.729878
0.755674
0.739164
0.745691
0.716227
0.775665
0.751664
0.731812
0.738586
0.755491
0.740975
0.752303
0.742604
0.744130
0.730733
0.765271
0.745691
0.726803
0.721345
0.759389
0.733699
0.767593
0.758207
0.746181
0.750105
0.761727
0.737274
0.764475
0.712703
0.740979
0.726579
0.750377
0.750335
0.750543
0.753093
0.726060
0.743384
0.724897
0.737157
0.725657
0.740082
0.745266
0.741179
0.765245
0.732237
0.722107
0.727327
0.741189
0.755084
0.739585
0.736499
0.721232
0.754032
0.737234
0.739504
0.733740
0.761938
0.751072
0.727994
0.751032
0.724268
0.743768
0.730717
0.724005
0.737640
0.737292
0.722700
0.752685
0.731620
0.746956
0.753659
0.737342
0.772500
0.712586
0.744584
0.759901
0.725598
0.747789
0.753321
0.741747
0.733301
0.752841
0.775251
0.739138
0.752085
0.759878
0.716759
0.733370
0.722043
0.742511
0.748554
0.755051
0.729710
0.751890
0.730843
0.735020
0.736590
0.719382
0.749213
0.735654
0.742271
0.728277
0.734127
0.728408
0.720625
0.737173
0.747609
0.757488
0.756100
0.722536
0.729860
0.731173
0.732492
0.741140
0.721519
0.755895
0.762049
0.741401
0.747036
0.750168
0.756149
0.731889
0.715946
0.734248
0.741990
0.731467
0.733578
0.748344
