0.739045
0.733207
0.757097
0.730199
0.722662
0.754690
0.728711
0.742493
0.747986
0.744243
0.735449
0.710071
0.722699
0.750759
0.745671
0.744716
0.736689
0.735905
0.761530
0.730514
0.746241
0.735299
0.737830
0.747936
0.725397
0.747824
0.741661
0.740102
0.736801
0.717098
0.744140
0.763398
0.738973
0.746676
0.717137
0.731933
0.734453
0.733914
0.732987
0.736294
0.763657
0.729755
0.736890
0.765803
0.700372
0.741171
0.744825
0.777000
0.762460
0.720019
0.768131
0.723889
0.721385
0.729675
0.748662
0.762578
0.747197
0.729383
0.724737
0.757920
0.740167
0.735740
0.763127
0.738684
0.770719
0.720790
0.705118
0.724743
0.762068
0.742250
0.772474
0.743701
0.738470
0.717475
0.750001
0.742010
0.733391
0.739827
0.764486
0.718938
0.737806
0.739258
0.747877
0.742027
0.737981
0.754535
0.724539
0.736353
0.738996
0.750584
0.728001
0.729150
0.723279
0.738315
0.740121
0.717367
0.755441
0.746587
0.748324
0.733104
0.747275
0.739905
0.743764
0.746811
0.748207
0.747793
0.752657
0.749817
0.736861
0.731932
0.742257
0.735529
0.752603
0.735912
0.739260
0.755897
0.733384
0.753262
0.739518
0.714522
0.744104
0.751999
0.750057
0.732922
0.750084
0.742041
0.746508
0.732435
0.766274
0.757136
0.761860
0.752426
0.719239
0.740567
0.749715
0.742374
0.756977
0.754172
0.747358
0.764199
0.722581
0.756450
0.749529
0.715417
0.740674
0.759076
0.741691
0.748053
0.762690
0.750547
