0.750493
0.765107
0.736776
0.748157
0.724318
0.732909
0.748548
0.757008
0.754142
0.751760
0.743089
0.760279
0.730570
0.751897
0.761269
0.766278
0.760878
0.753745
0.734754
0.740985
0.759004
0.744722
0.747350
0.763596
0.725055
0.768174
0.753335
0.752261
0.726948
0.747420
0.767764
0.751316
0.744196
0.746493
0.760335
0.785166
0.711056
0.735744
0.748369
0.743134
0.730935
0.728163
0.746261
0.735657
0.749353
0.726461
0.727524
0.757840
0.764118
0.751314
0.762105
0.743957
0.744511
0.746868
0.757545
0.764279
0.753092
0.741677
0.753513
0.762329
0.751242
0.755913
0.748610
0.750224
0.761389
0.742053
0.743554
0.768127
0.735039
0.731976
0.742893
0.747410
0.748763
0.715454
0.758500
0.762198
0.735145
0.725047
0.738754
0.734751
0.758783
0.752926
0.745459
0.727001
0.767764
0.756980
0.749246
0.746221
0.737953
0.752687
0.753789
0.743279
0.726537
0.736867
0.754463
0.755784
0.735103
0.743477
0.721392
0.734258
0.751550
0.738353
0.750215
0.735272
0.739391
0.731462
0.756856
0.762099
0.757171
0.727763
0.753600
0.777778
0.724084
0.734072
0.742781
0.740626
0.730666
0.743697
0.749685
0.761679
0.728427
0.747734
0.760050
0.747426
0.751489
0.739616
0.761105
0.768976
0.759551
0.753653
0.747245
0.760376
0.757009
0.738138
0.755036
0.724937
0.741852
0.745069
0.736643
0.748191
0.760708
0.717180
0.738247
0.745527
0.744258
0.719706
0.761464
0.758450
0.750562
0.738024
